#    jobid     node_name            cpu_id    bogomips     dsid   tstage  totcpu   totwall   tfull    tistn  tkffpar  tkffdar
   15148872 fnpc17131.fnal.gov   GenuineIntel  4606.17  e20s7210     35    14531    14641   0.7708   0.5272   0.2210   0.0057
   15148872 fnpc17137.fnal.gov   GenuineIntel  4606.30  e20s7210      4    16616    16674   0.8805   0.6031   0.2531   0.0086
   15148872 fnpc7207.fnal.gov    GenuineIntel  4605.74  e20s7210      5    14209    14261   0.7392   0.5025   0.2161   0.0072
   15148872 fnpc9034.fnal.gov    GenuineIntel  4799.30  e20s7210      3    12503    12550   0.6565   0.4471   0.1916   0.0061
   15148872 fnpc17111.fnal.gov   GenuineIntel  4606.16  e20s7210      4    15831    15907   0.8401   0.5727   0.2442   0.0066
   15148872 fnpc17110.fnal.gov   GenuineIntel  4606.22  e20s7210     12    15727    15790   0.8263   0.5619   0.2422   0.0064
   15148872 fnpc17104.fnal.gov   GenuineIntel  4606.19  e20s7210      4    15007    15075   0.7925   0.5405   0.2301   0.0076
   15148872 fnpc17146.fnal.gov   GenuineIntel  4606.23  e20s7210      8    13820    14024   0.7394   0.4971   0.2151   0.0066
   15148872 fnpc8025.fnal.gov    GenuineIntel  4606.04  e20s7210     23    14227    14298   0.7439   0.5086   0.2149   0.0072
   15148872 fnpc9029.fnal.gov    GenuineIntel  4799.29  e20s7210      3    12191    12236   0.6470   0.4404   0.1889   0.0061
   15148872 fnpc8023.fnal.gov    GenuineIntel  4606.25  e20s7210     10    25487    25574   1.3227   0.9350   0.3075   0.0236
   15148872 fnpc9007.fnal.gov    GenuineIntel  4799.29  e20s7210      9     8782     8944   0.4661   0.3162   0.1320   0.0061
   15148872 fnpc8025.fnal.gov    GenuineIntel  4606.04  e20s7210     24    14478    14571   0.7636   0.5191   0.2228   0.0081
   15148872 fnpc8023.fnal.gov    GenuineIntel  4606.25  e20s7210     11    15455    15514   0.8097   0.5444   0.2331   0.0108
   15148872 fnpc9029.fnal.gov    GenuineIntel  4799.29  e20s7210      4    12487    12545   0.6588   0.4481   0.1921   0.0066
   15148872 fnpc8025.fnal.gov    GenuineIntel  4606.04  e20s7210     24    14431    14532   0.7610   0.5176   0.2212   0.0084
   15148872 fnpc9063.fnal.gov    GenuineIntel  4799.30  e20s7210      6    12741    12794   0.6745   0.4598   0.1956   0.0066
   15148872 fnpc17149.fnal.gov   GenuineIntel  4606.35  e20s7210      9    15205    15250   0.8016   0.5467   0.2338   0.0059
   15148872 fnpc9022.fnal.gov    GenuineIntel  4799.30  e20s7210      6    12917    12974   0.6786   0.4615   0.1981   0.0064
   15148872 fnpc9015.fnal.gov    GenuineIntel  4799.31  e20s7210      7     9347     9516   0.5023   0.3399   0.1448   0.0051
   15148872 fnpc17145.fnal.gov   GenuineIntel  4606.27  e20s7210      4    14927    15077   0.7880   0.5339   0.2281   0.0074
   15148872 fnpc8014.fnal.gov    GenuineIntel  4606.21  e20s7210     11    10718    11031   0.5649   0.3838   0.1615   0.0062
   15148872 fnpc5018.fnal.gov    AuthenticAMD  4600.06  e20s7210      7    18115    18205   0.9520   0.6503   0.2739   0.0091
   15148872 fnpc17159.fnal.gov   GenuineIntel  4606.13  e20s7210      4    16323    16408   0.8600   0.5839   0.2518   0.0071
   15148872 fnpc17122.fnal.gov   GenuineIntel  4606.16  e20s7210      6    16319    16385   0.8521   0.5825   0.2462   0.0075
   15148872 fnpc17149.fnal.gov   GenuineIntel  4606.35  e20s7210     11    15544    15624   0.8199   0.5570   0.2397   0.0076
   15148872 fnpc17123.fnal.gov   GenuineIntel  4606.29  e20s7210     17    15308    15514   0.8140   0.5532   0.2313   0.0068
   15148872 fnpc6029.fnal.gov    AuthenticAMD  4599.37  e20s7210      7    19196    19295   1.0049   0.6843   0.2923   0.0100
   15148872 fnpc9051.fnal.gov    GenuineIntel  4799.31  e20s7210      5     9934    10022   0.5227   0.3553   0.1508   0.0061
   15148872 fnpc8002.fnal.gov    GenuineIntel  4605.81  e20s7210      5    15352    15403   0.8101   0.5513   0.2378   0.0069
   15148872 fnpc9022.fnal.gov    GenuineIntel  4799.30  e20s7210      9    13026    13100   0.6846   0.4649   0.1998   0.0068
   15148872 fnpc7203.fnal.gov    GenuineIntel  4599.35  e20s7210     12    13711    13745   0.7247   0.4949   0.2104   0.0065
   15148872 fnpc8004.fnal.gov    GenuineIntel  4605.95  e20s7210     11    15054    15173   0.7959   0.5423   0.2307   0.0084
   15148872 fnpc6018.fnal.gov    AuthenticAMD  4599.37  e20s7210      8    20814    20920   1.0849   0.7409   0.3151   0.0102
   15148872 fnpc17108.fnal.gov   GenuineIntel  4606.35  e20s7210      7    15414    15461   0.8098   0.5538   0.2351   0.0062
   15148872 fnpc9054.fnal.gov    GenuineIntel  4799.30  e20s7210      8    10901    10972   0.5781   0.3924   0.1683   0.0065
   15148872 fnpc17113.fnal.gov   GenuineIntel  4606.30  e20s7210      5    16248    16319   0.8528   0.5830   0.2466   0.0070
   15148872 fnpc9058.fnal.gov    GenuineIntel  4799.31  e20s7210      3    11307    11393   0.5980   0.4089   0.1716   0.0060
   15148872 fnpc9030.fnal.gov    GenuineIntel  4799.30  e20s7210      6    12564    12654   0.6635   0.4494   0.1949   0.0061
   15148872 fnpc9025.fnal.gov    GenuineIntel  4799.31  e20s7210      5    12476    12555   0.6567   0.4468   0.1911   0.0061
