jobid/I:node_name/C:cpu_id/C:bogomips/F:dsid/C:vmpeak/F:vmhwm/F:tstage/I:totcpu/I:totwall/I:tfull/F:tistn/F:tkffpar/F:tkffdar/F
    14698558 fnpc6011.fnal.gov   AuthenticAMD  4599.38  e20s7200  1676.870   964.256      7    17886    18162   0.9573   0.0156   0.6476   0.2744
    14698558 fnpc4540.fnal.gov   AuthenticAMD  4000.41  e20s7200  1677.250   961.651      6    18911    19049   1.0059   0.0093   0.6892   0.2883
    14698558 fnpc7002.fnal.gov   AuthenticAMD  4599.37  e20s7200  1678.030   964.125      7    18008    18359   0.9503   0.0175   0.6386   0.2739
    14698558 fnpc4560.fnal.gov   AuthenticAMD  4000.02  e20s7200  1677.120   962.974      8    18926    19201   1.0004   0.0118   0.6776   0.2912
    14698558 fnpc17143.fnal.gov  GenuineIntel  4606.29  e20s7200  1678.150   961.942     13    16360    16514   0.8720   0.0112   0.5919   0.2520
    14698558 fnpc17111.fnal.gov  GenuineIntel  4606.16  e20s7200  1679.410   962.802      3    16202    16388   0.8577   0.0123   0.5814   0.2476
    14698558 fnpc17155.fnal.gov  GenuineIntel  4606.20  e20s7200  1677.830   958.464      8    17395    17464   0.9182   0.0073   0.6291   0.2656
    14698558 fnpc8005.fnal.gov   GenuineIntel  4605.78  e20s7200  1678.060   961.626      4    14508    14616   0.7710   0.0089   0.5231   0.2248
    14698558 fnpc17129.fnal.gov  GenuineIntel  4606.07  e20s7200  1678.840   960.696      4    16409    16598   0.8661   0.0118   0.5895   0.2476
    14698558 fnpc8019.fnal.gov   GenuineIntel  4605.89  e20s7200  1678.970   964.530      5    14682    14961   0.7908   0.0154   0.5313   0.2275
    14698558 fnpc7014.fnal.gov   AuthenticAMD  4601.78  e20s7200  1677.760   965.169      6    18283    18490   0.9765   0.0126   0.6624   0.2829
    14698558 fnpc6028.fnal.gov   AuthenticAMD  4599.35  e20s7200  1676.720   960.496      7    18023    18370   0.9605   0.0178   0.6477   0.2747
    14698558 fnpc4537.fnal.gov   AuthenticAMD  4000.04  e20s7200  1676.740   960.385     12    19214    19561   1.0281   0.0183   0.6924   0.2952
    14698558 fnpc5020.fnal.gov   AuthenticAMD  4600.45  e20s7200  1677.350   956.019      7    16866    16985   0.8875   0.0091   0.6044   0.2567
    14698558 fnpc5029.fnal.gov   AuthenticAMD  4600.02  e20s7200  1677.340   959.361     12    16783    16886   0.8870   0.0083   0.6047   0.2571
    14698558 fnpc9005.fnal.gov   GenuineIntel  4799.29  e20s7200  1678.180   964.878      6    12310    12342   0.6478   0.0053   0.4440   0.1872
    14698558 fnpc5037.fnal.gov   AuthenticAMD  4600.06  e20s7200  1676.950   962.834     14    16774    16926   0.8912   0.0073   0.6080   0.2591
    14698558 fnpc7211.fnal.gov   GenuineIntel  4605.92  e20s7200  1677.390   965.272     18    13476    13588   0.7140   0.0088   0.4843   0.2075
    14698558 fnpc9001.fnal.gov   GenuineIntel  4799.30  e20s7200  1677.810   964.026      5    13140    13294   0.6951   0.0093   0.4732   0.1992
    14698558 fnpc9102.fnal.gov   GenuineIntel  4799.30  e20s7200  1679.090   923.558      3    12752    12810   0.6810   0.0065   0.4641   0.1983
    14698558 fnpc8202.fnal.gov   GenuineIntel  4606.28  e20s7200  1678.010   964.559      3    14408    14453   0.7553   0.0057   0.5138   0.2229
    14698558 fnpc5037.fnal.gov   AuthenticAMD  4600.06  e20s7200  1677.060   961.610     12    17018    17144   0.8935   0.0076   0.6106   0.2589
    14698558 fnpc9005.fnal.gov   GenuineIntel  4799.29  e20s7200  1679.410   966.988      9    12876    13015   0.6808   0.0096   0.4627   0.1953
    14698558 fnpc9102.fnal.gov   GenuineIntel  4799.30  e20s7200  1679.410   964.657      3    12949    13007   0.6814   0.0065   0.4642   0.1986
    14698558 fnpc7211.fnal.gov   GenuineIntel  4605.92  e20s7200  1679.440   964.538     18    13070    13080   0.6801   0.0047   0.4650   0.1986
    14698558 fnpc7203.fnal.gov   GenuineIntel  4599.35  e20s7200  1676.380   955.130      6    14190    14286   0.7496   0.0075   0.5075   0.2213
    14698558 fnpc5028.fnal.gov   AuthenticAMD  4599.63  e20s7200  1677.350   960.098      7    16850    16972   0.8903   0.0094   0.6095   0.2545
    14698558 fnpc7008.fnal.gov   AuthenticAMD  4599.37  e20s7200  1677.890   962.109      7    18469    18752   0.9744   0.0142   0.6564   0.2842
    14698558 fnpc9013.fnal.gov   GenuineIntel  4799.30  e20s7200  1676.030   960.774      4    13269    13404   0.6997   0.0095   0.4767   0.2000
    14698558 fnpc9019.fnal.gov   GenuineIntel  4799.31  e20s7200  1678.160   964.477     20    12159    12640   0.6552   0.0149   0.4385   0.1865
    14698558 fnpc5026.fnal.gov   AuthenticAMD  4600.03  e20s7200  1677.510   962.478      7    16821    16982   0.8874   0.0107   0.6031   0.2561
    14698558 fnpc7211.fnal.gov   GenuineIntel  4605.92  e20s7200  1678.400   965.632     18    13766    13874   0.7317   0.0089   0.4963   0.2129
    14698558 fnpc7009.fnal.gov   AuthenticAMD  4599.37  e20s7200  1676.830   960.033     16    17761    18366   0.9503   0.0165   0.6409   0.2734
    14698558 fnpc4571.fnal.gov   AuthenticAMD  4000.39  e20s7200  1676.950   955.490      7    19873    20032   1.0373   0.0088   0.7057   0.3040
    14698558 fnpc5018.fnal.gov   AuthenticAMD  4600.06  e20s7200  1678.080   960.971      5    16805    16940   0.8875   0.0099   0.6064   0.2539
    14698558 fnpc9107.fnal.gov   GenuineIntel  4799.32  e20s7200  1678.970   968.196      4    11863    11893   0.6271   0.0052   0.4290   0.1821
    14698558 fnpc7203.fnal.gov   GenuineIntel  4599.35  e20s7200  1677.840   966.738      6    13842    13926   0.7275   0.0068   0.4959   0.2118
    14698558 fnpc5008.fnal.gov   AuthenticAMD  4600.05  e20s7200  1677.530   958.783      6    16573    16621   0.8748   0.0064   0.6003   0.2519
    14698558 fnpc6030.fnal.gov   AuthenticAMD  4600.04  e20s7200  1677.140   963.961      7    17387    17631   0.9257   0.0142   0.6227   0.2703
    14698558 fnpc7007.fnal.gov   AuthenticAMD  4599.35  e20s7200  1676.840   958.444      6    18278    18399   0.9643   0.0102   0.6552   0.2810
