jobid/I:node_name/C:cpu_id/C:bogomips/F:dsid/C:vmpeak/F:vmhwm/F:tstage/I:totcpu/I:totwall/I:tfull/F:tistn/F:tkffpar/F:tkffdar/F
    14524445 fnpc17111.fnal.gov  GenuineIntel  4606.16  e60s7200  1711.200   947.040     17    20686    20762   0.6965   0.0052   0.4795   0.2008
    14524445 fnpc6025.fnal.gov   AuthenticAMD  4599.73  e60s7200  1707.880   972.349     10    24255    24721   0.8345   0.0165   0.5659   0.2362
    14524445 fnpc17111.fnal.gov  GenuineIntel  4606.16  e60s7200  1711.180   972.165     19    20770    21162   0.7135   0.0136   0.4809   0.2055
    14524445 fnpc7019.fnal.gov   AuthenticAMD  4599.37  e60s7200  1708.640   948.740     13    22738    23024   0.7761   0.0116   0.5297   0.2211
    14524445 fnpc6025.fnal.gov   AuthenticAMD  4599.73  e60s7200  1707.690   944.374      9    24291    24818   0.8407   0.0177   0.5687   0.2375
    14524445 fnpc7019.fnal.gov   AuthenticAMD  4599.37  e60s7200  1710.730   969.515     12    23329    23620   0.7923   0.0117   0.5394   0.2271
    14524445 fnpc9045.fnal.gov   GenuineIntel  4799.31  e60s7200  1709.320   972.550     12    11100    11475   0.3847   0.0116   0.2566   0.1079
    14524445 fnpc9045.fnal.gov   GenuineIntel  4799.31  e60s7200  1709.540   971.657     15    11137    11533   0.3857   0.0121   0.2549   0.1097
    14524445 fnpc8028.fnal.gov   GenuineIntel  4605.74  e60s7200  1712.620   965.710     12    13549    14937   0.5015   0.0373   0.3149   0.1304
    14524445 fnpc8020.fnal.gov   GenuineIntel  4605.71  e60s7200  1712.360   964.833     17    18300    18324   0.6181   0.0043   0.4264   0.1782
    14524445 fnpc17156.fnal.gov  GenuineIntel  4606.14  e60s7200  1709.670   930.341     16    21354    21471   0.7196   0.0064   0.4933   0.2082
    14524445 fnpc9040.fnal.gov   GenuineIntel  4799.31  e60s7200  1711.260   969.634     19    13897    14148   0.4764   0.0090   0.3225   0.1358
    14524445 fnpc5014.fnal.gov   AuthenticAMD  4600.05  e60s7200  1707.600   968.036     11    24199    24352   0.8182   0.0076   0.5630   0.2342
    14524445 fnpc8020.fnal.gov   GenuineIntel  4605.71  e60s7200  1712.340   970.498     17    18706    18903   0.6415   0.0084   0.4377   0.1845
    14524445 fnpc9047.fnal.gov   GenuineIntel  4799.31  e60s7200  1711.880   960.344     22    12398    13128   0.4389   0.0210   0.2861   0.1201
    14524445 fnpc9047.fnal.gov   GenuineIntel  4799.31  e60s7200  1710.150   969.294     24    11630    11649   0.3903   0.0024   0.2679   0.1137
    14524445 fnpc17156.fnal.gov  GenuineIntel  4606.14  e60s7200  1710.510   931.381     15    21808    21839   0.7336   0.0044   0.5045   0.2138
    14524445 fnpc9040.fnal.gov   GenuineIntel  4799.31  e60s7200  1710.330   972.427     19    13945    14216   0.4784   0.0091   0.3247   0.1349
    14524445 fnpc17156.fnal.gov  GenuineIntel  4606.14  e60s7200  1711.250   968.983     26    21339    21417   0.7247   0.0054   0.5003   0.2079
    14524445 fnpc7205.fnal.gov   GenuineIntel  4605.89  e60s7200  1709.540   971.944      6    19003    19035   0.6349   0.0044   0.4381   0.1830
    14524445 fnpc17104.fnal.gov  GenuineIntel  4606.19  e60s7200  1711.430   958.472      7    18770    19313   0.6536   0.0167   0.4374   0.1851
    14524445 fnpc17144.fnal.gov  GenuineIntel  4606.15  e60s7200  1710.080   956.150     28    20523    20848   0.6997   0.0105   0.4763   0.2003
    14524445 fnpc17132.fnal.gov  GenuineIntel  4606.16  e60s7200  1711.510   947.573     11    18738    18837   0.6364   0.0053   0.4362   0.1845
    14524445 fnpc8208.fnal.gov   GenuineIntel  4605.60  e60s7200  1709.720   970.437      6    15926    16044   0.5385   0.0063   0.3682   0.1549
    14524445 fnpc17132.fnal.gov  GenuineIntel  4606.16  e60s7200  1712.130   969.163     11    18736    18873   0.6398   0.0062   0.4386   0.1843
