jobid/I:node_name/C:cpu_id/C:bogomips/F:dsid/C:vmpeak/F:vmhwm/F:tstage/I:totcpu/I:totwall/I:tfull/F:tistn/F:tkffpar/F:tkffdar/F
    15548836 fnpc7020.fnal.gov   AuthenticAMD  4599.36  e60s721z  2198.200  1062.150      9    33078    33329   1.1178   0.0112   0.6840   0.4071
    15548836 fnpc8025.fnal.gov   GenuineIntel  4606.04  e60s721z  2200.510  1069.830      6    23627    23696   0.7996   0.0067   0.4843   0.2979
    15548836 fnpc9072.fnal.gov   GenuineIntel  4799.31  e60s721z  2200.880  1058.730      7    20761    20847   0.7025   0.0056   0.4256   0.2615
    15548836 fnpc7017.fnal.gov   AuthenticAMD  4599.39  e60s721z  2197.860   953.655     12    33642    33908   1.1433   0.0106   0.6968   0.4206
    15548836 fnpc6005.fnal.gov   AuthenticAMD  4600.14  e60s721z  2196.570  1058.090      9    32016    32253   1.0925   0.0104   0.6646   0.4023
    15548836 fnpc7015.fnal.gov   AuthenticAMD  4599.37  e60s721z  2199.700  1055.430     10    32109    32353   1.0854   0.0099   0.6637   0.3969
    15548836 fnpc6023.fnal.gov   AuthenticAMD  4599.01  e60s721z  2198.060  1057.220     10    32183    32417   1.0877   0.0090   0.6660   0.3975
    15548836 fnpc9042.fnal.gov   GenuineIntel  4799.30  e60s721z  2199.400   964.096    132    20885    20952   0.7008   0.0049   0.4267   0.2599
    15548836 fnpc9104.fnal.gov   GenuineIntel  4799.31  e60s721z  2199.710  1068.420      5    21070    21176   0.7117   0.0053   0.4350   0.2616
    15548836 fnpc6010.fnal.gov   AuthenticAMD  4599.33  e60s721z  2198.100   951.857      9    32444    32779   1.1061   0.0106   0.6742   0.4060
    15548836 fnpc5001.fnal.gov   AuthenticAMD  4600.04  e60s721z  2196.500   949.907      9    28354    28657   0.9603   0.0084   0.5885   0.3484
    15548836 fnpc9051.fnal.gov   GenuineIntel  4799.31  e60s721z  2199.690  1068.190      6    19766    19836   0.6681   0.0050   0.4058   0.2481
    15548836 fnpc9007.fnal.gov   GenuineIntel  4799.29  e60s721z  2198.290  1069.550      5    20057    20130   0.6766   0.0050   0.4127   0.2494
    15548836 fnpc9078.fnal.gov   GenuineIntel  4799.30  e60s721z  2199.240  1060.770      5    21179    21290   0.7222   0.0060   0.4414   0.2645
    15548836 fnpc9014.fnal.gov   GenuineIntel  4799.31  e60s721z  2196.950  1063.260      9    20790    20915   0.6997   0.0057   0.4247   0.2591
    15548836 fnpc9041.fnal.gov   GenuineIntel  4799.33  e60s721z  2203.800  1066.300     10    20592    20668   0.6927   0.0049   0.4195   0.2591
    15548836 fnpc9015.fnal.gov   GenuineIntel  4799.31  e60s721z  2199.940  1069.470      6    21116    21226   0.7126   0.0057   0.4328   0.2645
    15548836 fnpc17117.fnal.gov  GenuineIntel  4605.99  e60s721z  2199.610  1066.230     11    26996    27086   0.9123   0.0070   0.5595   0.3335
    15548836 fnpc9066.fnal.gov   GenuineIntel  4799.29  e60s721z  2198.430  1066.460      6    20748    20808   0.7042   0.0050   0.4320   0.2578
    15548836 fnpc9047.fnal.gov   GenuineIntel  4799.31  e60s721z  2199.160  1065.690      6    20668    20742   0.6919   0.0052   0.4232   0.2536
    15548836 fnpc8016.fnal.gov   GenuineIntel  4606.28  e60s721z  2198.370  1069.380      7    22899    22976   0.7776   0.0056   0.4740   0.2874
    15548836 fnpc8020.fnal.gov   GenuineIntel  4605.71  e60s721z  2201.050  1066.830     10    23829    23980   0.8066   0.0065   0.4923   0.2969
    15548836 fnpc17120.fnal.gov  GenuineIntel  4606.19  e60s721z  2198.730  1067.410     10    27081    27180   0.9188   0.0068   0.5604   0.3389
    15548836 fnpc7205.fnal.gov   GenuineIntel  4605.89  e60s721z  2200.420  1070.150      9    23494    23566   0.7914   0.0057   0.4813   0.2937
    15548836 fnpc6030.fnal.gov   AuthenticAMD  4600.04  e60s721z  2197.320  1059.590     11    31469    31748   1.0771   0.0100   0.6590   0.3934
