jobid/I:node_name/C:cpu_id/C:bogomips/F:dsid/C:vmpeak/F:vmhwm/F:tstage/I:totcpu/I:totwall/I:tfull/F:tistn/F:tkffpar/F:tkffdar/F
    15799156 fnpc8025.fnal.gov   GenuineIntel  4606.04  e61s721z  1634.650   914.711    390     6104     8037   2.7458   1.6533   0.4934   0.3291
    15799156 fnpc8025.fnal.gov   GenuineIntel  4606.04  e61s721z  1638.130   900.461    391     6207     8249   2.8384   1.6952   0.4999   0.3540
    15799156 fnpc8025.fnal.gov   GenuineIntel  4606.04  e61s721z  1637.730   914.629    391     6149     8115   2.7597   1.6557   0.4906   0.3378
    15799156 fnpc9011.fnal.gov   GenuineIntel  4799.31  e61s721z  1636.400   857.649    549     4400     5542   1.8757   0.9813   0.4288   0.2938
    15799156 fnpc9011.fnal.gov   GenuineIntel  4799.31  e61s721z  1639.760   909.365    644     4594     5797   1.9424   1.0014   0.4444   0.3112
    15799156 fnpc9011.fnal.gov   GenuineIntel  4799.31  e61s721z  1641.000   854.299    550     4422     5548   1.8685   0.9850   0.4338   0.2805
    15799156 fnpc9011.fnal.gov   GenuineIntel  4799.31  e61s721z  1636.290   861.594    567     4479     5621   1.8956   0.9942   0.4250   0.3010
    15799156 fnpc9022.fnal.gov   GenuineIntel  4799.30  e61s721z  1638.410   859.542    252     4341     6346   2.2572   1.2374   0.4429   0.3123
    15799156 fnpc9037.fnal.gov   GenuineIntel  4799.30  e61s721z  1636.380   913.076    140     4402     5994   2.0442   1.1070   0.4330   0.2973
    15799156 fnpc6008.fnal.gov   AuthenticAMD  4599.67  e61s721z  1649.980   917.803    250     6970     8944   3.0504   1.6767   0.6428   0.4519
    15799156 fnpc5002.fnal.gov   AuthenticAMD  4600.05  e61s721z  1646.270   910.205    181     5347     5511   1.9266   0.8579   0.5613   0.3776
    15799156 fnpc9017.fnal.gov   GenuineIntel  4799.31  e61s721z  1637.520   900.624    173     4506     5428   1.8204   0.9204   0.4328   0.3058
    15799156 fnpc9073.fnal.gov   GenuineIntel  4799.31  e61s721z  1634.880   891.400    178     4350     4929   1.6417   0.8007   0.4155   0.2985
    15799156 fnpc6017.fnal.gov   AuthenticAMD  4599.37  e61s721z  1644.600   891.388   3079     6449     9922   3.3934   2.0409   0.5818   0.3765
    15799156 fnpc9071.fnal.gov   GenuineIntel  4799.31  e61s721z  1642.970   802.034   3797     3417    13052   4.1730   2.8840   0.3247   0.2241
    15799156 fnpc5026.fnal.gov   AuthenticAMD  4600.03  e61s721z  1644.410   815.694    159     5601     5895   1.9532   0.8820   0.5471   0.3853
    15799156 fnpc9014.fnal.gov   GenuineIntel  4799.31  e61s721z  1633.960   906.568    134     4248     5694   1.9456   1.0419   0.4192   0.2851
    15799156 fnpc9010.fnal.gov   GenuineIntel  4799.31  e61s721z  1637.500   906.052    256     4353     8736   2.9436   1.8220   0.4149   0.2822
    15799156 fnpc9008.fnal.gov   GenuineIntel  4799.29  e61s721z  1639.220   920.302    346     4395     5322   1.7897   0.9204   0.4215   0.2941
    15799156 fnpc8022.fnal.gov   GenuineIntel  4606.07  e61s721z  1636.480   896.512    333    16475    17755   6.0787   3.7016   1.3107   0.6443
    15799156 fnpc17102.fnal.gov  GenuineIntel  4606.10  e61s721z  1637.290   810.742    476     6515     9764   3.2362   1.8968   0.5570   0.3740
    15799156 fnpc17127.fnal.gov  GenuineIntel  4606.19  e61s721z  1642.750   880.169    275     6556     8764   2.8827   1.5873   0.5658   0.4037
    15799156 fnpc9039.fnal.gov   GenuineIntel  4799.30  e61s721z  1636.510   906.621    193     4374     5032   1.7214   0.8529   0.4324   0.2943
    15799156 fnpc7206.fnal.gov   GenuineIntel  4605.80  e61s721z  1639.270   911.008    187     6237     9266   3.1083   1.9398   0.4978   0.3276
    15799156 fnpc6026.fnal.gov   AuthenticAMD  4599.36  e61s721z  1641.780   915.616    155     7012     7796   2.6622   1.3855   0.6377   0.4467
    15799156 fnpc8017.fnal.gov   GenuineIntel  4605.69  e61s721z  1640.790   889.635    716     6128     8836   3.0978   1.9001   0.5065   0.3551
    15799156 fnpc9025.fnal.gov   GenuineIntel  4799.31  e61s721z  1637.700   890.827    370     4420     5766   1.9845   1.0489   0.4387   0.3010
    15799156 fnpc9104.fnal.gov   GenuineIntel  4799.31  e61s721z  1633.720   908.845    105     4359     4597   1.5608   0.7514   0.4258   0.2947
    15799156 fnpc17122.fnal.gov  GenuineIntel  4606.05  e61s721z  1636.180   875.278   5142     5783     8073   2.6571   1.4973   0.5098   0.3393
    15799156 fnpc8206.fnal.gov   GenuineIntel  4606.01  e61s721z  1641.310   915.132    390     5296     8246   2.8148   1.6335   0.4906   0.3461
    15799156 fnpc8201.fnal.gov   GenuineIntel  4605.97  e61s721z  1697.330   887.603    582     5108     7684   2.6818   1.5756   0.4754   0.3223
    15799156 fnpc8205.fnal.gov   GenuineIntel  4606.22  e61s721z  1634.100   917.512    443     5318     6335   2.1853   1.1471   0.4984   0.3510
    15799156 fnpc17127.fnal.gov  GenuineIntel  4606.19  e61s721z  1639.260   905.806    299     6560     8787   2.8825   1.5915   0.5615   0.3913
    15799156 fnpc17104.fnal.gov  GenuineIntel  4605.99  e61s721z  1639.820   831.103    399     6249     9309   3.2145   1.8666   0.5717   0.3824
    15799156 fnpc9027.fnal.gov   GenuineIntel  4799.31  e61s721z  1638.680   902.615   7644     4419     5464   1.8333   0.9502   0.4226   0.2944
    15799156 fnpc9057.fnal.gov   GenuineIntel  4799.33  e61s721z  1632.950   915.366    385     4358     6307   2.1996   1.2246   0.4365   0.3000
    15799156 fnpc9025.fnal.gov   GenuineIntel  4799.31  e61s721z  1638.630   892.006    379     4447     5773   1.9741   1.0390   0.4313   0.3161
    15799156 fnpc17102.fnal.gov  GenuineIntel  4606.10  e61s721z  1640.900   805.933    455     6592     9856   3.3169   1.9291   0.5965   0.3896
    15799156 fnpc9046.fnal.gov   GenuineIntel  4799.30  e61s721z  1634.570   897.565    245     4405     4638   1.5825   0.7392   0.4400   0.3074
    15799156 fnpc9056.fnal.gov   GenuineIntel  4799.32  e61s721z  1636.700   916.374    709     4436     7153   2.4005   1.3520   0.4253   0.2976
    15799156 fnpc8201.fnal.gov   GenuineIntel  4605.97  e61s721z  1639.540   884.527    580     4941     7405   2.5748   1.5019   0.4437   0.3162
    15799156 fnpc9028.fnal.gov   GenuineIntel  4799.30  e61s721z  1640.140   883.212    586     4357     5700   1.9852   1.0564   0.4328   0.3118
    15799156 fnpc8206.fnal.gov   GenuineIntel  4606.01  e61s721z  1636.520   915.157    391     4998     7966   2.7195   1.6290   0.4488   0.3045
    15799156 fnpc6002.fnal.gov   AuthenticAMD  4599.36  e61s721z  1655.890   839.107    305     6654     6907   2.3671   1.2416   0.5826   0.3986
    15799156 fnpc8028.fnal.gov   GenuineIntel  4605.74  e61s721z  1641.530   910.135   7871     5275     7616   2.6271   1.4855   0.4941   0.3427
    15799156 fnpc8017.fnal.gov   GenuineIntel  4605.69  e61s721z  1639.070   908.984    732     6243     8987   3.0614   1.8747   0.4957   0.3524
    15799156 fnpc8013.fnal.gov   GenuineIntel  4605.96  e61s721z  1635.140   889.041    610     5257     7269   2.5280   1.4331   0.4856   0.3371
    15799156 fnpc17107.fnal.gov  GenuineIntel  4605.97  e61s721z  1635.670   879.759    258     6386    10232   3.4792   2.0664   0.5691   0.3874
    15799156 fnpc8205.fnal.gov   GenuineIntel  4606.22  e61s721z  1643.950   897.909    227     5470     6514   2.1881   1.1558   0.5017   0.3348
    15799156 fnpc7302.fnal.gov   GenuineIntel  4606.19  e61s721z  1640.840   911.454    445     3914     9197   3.0846   2.0499   0.3451   0.2425
    15799156 fnpc9034.fnal.gov   GenuineIntel  4799.30  e61s721z  1639.030   891.048   1020     4535     8333   2.8046   1.6852   0.4367   0.3032
    15799156 fnpc9027.fnal.gov   GenuineIntel  4799.31  e61s721z  1635.790   886.678    238     4393     5311   1.8580   0.9521   0.4316   0.3152
    15799156 fnpc17101.fnal.gov  GenuineIntel  4606.04  e61s721z  1634.780   883.167    220     6204     7858   2.7007   1.4828   0.5469   0.3791
    15799156 fnpc17126.fnal.gov  GenuineIntel  4606.06  e61s721z  1638.040   864.911    251     6324     7277   2.4442   1.2616   0.5574   0.3850
    15799156 fnpc9046.fnal.gov   GenuineIntel  4799.30  e61s721z  1637.940   917.701    258     4370     4603   1.5779   0.7525   0.4325   0.2925
    15799156 fnpc7021.fnal.gov   AuthenticAMD  4599.41  e61s721z  1652.670   910.479    185     6901     9009   3.1328   1.7371   0.6377   0.4422
    15799156 fnpc9019.fnal.gov   GenuineIntel  4799.31  e61s721z  1634.570   876.655    549     4343     6990   2.4388   1.4038   0.4366   0.3014
    15799156 fnpc9028.fnal.gov   GenuineIntel  4799.30  e61s721z  1640.150   911.970    600     4558     6050   2.0315   1.0857   0.4373   0.3089
    15799156 fnpc9057.fnal.gov   GenuineIntel  4799.33  e61s721z  1636.800   898.568    396     4629     6831   2.2664   1.2703   0.4486   0.3022
    15799156 fnpc7010.fnal.gov   AuthenticAMD  4599.02  e61s721z  1656.540   923.038    511     7059    11985   3.9189   2.4047   0.6094   0.4057
    15799156 fnpc6013.fnal.gov   AuthenticAMD  4601.36  e61s721z  1652.370   923.734    472     7040     8000   2.7087   1.4514   0.6147   0.4374
    15799156 fnpc17104.fnal.gov  GenuineIntel  4605.99  e61s721z  1634.740   865.751    426     6233     9314   3.2020   1.8297   0.5701   0.3914
    15799156 fnpc8206.fnal.gov   GenuineIntel  4606.01  e61s721z  1635.440   905.044    393     5409     8371   2.8004   1.6278   0.4894   0.3399
    15799156 fnpc8028.fnal.gov   GenuineIntel  4605.74  e61s721z  1642.910   918.262    398     5158     6088   2.0756   1.1200   0.4631   0.3106
    15799156 fnpc6005.fnal.gov   AuthenticAMD  4600.14  e61s721z  1644.100   915.694    366     6902     7613   2.5813   1.3800   0.6040   0.4133
    15799156 fnpc9021.fnal.gov   GenuineIntel  4799.31  e61s721z  1632.430   884.408    719     4574     6684   2.2581   1.2514   0.4432   0.3171
    15799156 fnpc8013.fnal.gov   GenuineIntel  4605.96  e61s721z  1641.230   885.359    644     6757     8800   3.0593   1.7519   0.6082   0.3760
    15799156 fnpc17101.fnal.gov  GenuineIntel  4606.04  e61s721z  1640.000   903.864    231     6372     8076   2.6935   1.4881   0.5439   0.3854
    15799156 fnpc8017.fnal.gov   GenuineIntel  4605.69  e61s721z  1635.480   880.947    723     6085     8783   3.0740   1.8866   0.5008   0.3462
    15799156 fnpc9025.fnal.gov   GenuineIntel  4799.31  e61s721z  1637.360   890.601    373     4180     5382   1.8844   0.9920   0.4137   0.2959
    15799156 fnpc6002.fnal.gov   AuthenticAMD  4599.36  e61s721z  1636.320   918.331    439     6957     7563   2.5539   1.3472   0.6116   0.4192
    15799156 fnpc9034.fnal.gov   GenuineIntel  4799.30  e61s721z  1639.710   881.185   1000     4225     7793   2.6915   1.6368   0.4161   0.2831
    15799156 fnpc7309.fnal.gov   GenuineIntel  4606.45  e61s721z  1635.660   872.907    600     3460     3662   1.2414   0.6211   0.3092   0.2195
    15799156 fnpc17126.fnal.gov  GenuineIntel  4606.06  e61s721z  1642.380   912.490    364     6175     7101   2.4609   1.2717   0.5626   0.3950
    15799156 fnpc9028.fnal.gov   GenuineIntel  4799.30  e61s721z  1637.410   909.824    598     4247     5390   1.8252   0.9673   0.4085   0.2833
    15799156 fnpc17107.fnal.gov  GenuineIntel  4605.97  e61s721z  1640.800   882.074    249     6451    10331   3.4815   2.0483   0.5670   0.4063
    15799156 fnpc8028.fnal.gov   GenuineIntel  4605.74  e61s721z  1642.020   908.505    410     5458     6561   2.2478   1.1915   0.4968   0.3605
    15799156 fnpc7309.fnal.gov   GenuineIntel  4606.45  e61s721z  1638.500   913.723    597     3563     3797   1.2576   0.6351   0.3177   0.2127
    15799156 fnpc7010.fnal.gov   AuthenticAMD  4599.02  e61s721z  1641.500   920.916    505     7148    12210   4.1296   2.5182   0.6416   0.4436
    15799156 fnpc9057.fnal.gov   GenuineIntel  4799.33  e61s721z  1644.740   915.710    397     4526     6627   2.2001   1.2360   0.4263   0.2945
    15799156 fnpc8013.fnal.gov   GenuineIntel  4605.96  e61s721z  1632.910   874.471    562     7201     9268   3.1175   1.7672   0.6398   0.3890
    15799156 fnpc6005.fnal.gov   AuthenticAMD  4600.14  e61s721z  1650.430   914.842    391     7002     7704   2.6240   1.3887   0.6114   0.4389
    15799156 fnpc17126.fnal.gov  GenuineIntel  4606.06  e61s721z  1640.530   888.156    252     6138     7077   2.4292   1.2619   0.5493   0.3855
    15799156 fnpc17104.fnal.gov  GenuineIntel  4605.99  e61s721z  1641.880   871.539    429     6465     9494   3.1511   1.8090   0.5746   0.3787
    15799156 fnpc9021.fnal.gov   GenuineIntel  4799.31  e61s721z  1636.820   906.109    786     4404     6490   2.2193   1.2401   0.4289   0.2946
    15799156 fnpc8017.fnal.gov   GenuineIntel  4605.69  e61s721z  1634.900   905.183    731     6364     9072   3.1112   1.8833   0.5168   0.3715
    15799156 fnpc6002.fnal.gov   AuthenticAMD  4599.36  e61s721z  1653.980   872.911    337     7023     7293   2.4921   1.2709   0.6340   0.4397
    15799156 fnpc9028.fnal.gov   GenuineIntel  4799.30  e61s721z  1637.780   903.074    599     4455     5910   2.0055   1.0606   0.4325   0.3156
    15799156 fnpc6013.fnal.gov   AuthenticAMD  4601.36  e61s721z  1645.310   896.807    453     6976     7953   2.6889   1.4512   0.6112   0.4219
    15799156 fnpc6017.fnal.gov   AuthenticAMD  4599.37  e61s721z  1654.390   909.537   3105     6525    10002   3.3571   2.0243   0.5566   0.3860
    15799156 fnpc7010.fnal.gov   AuthenticAMD  4599.02  e61s721z  1653.760   915.931    497     6762    11361   3.9640   2.4154   0.6207   0.4243
    15799156 fnpc9028.fnal.gov   GenuineIntel  4799.30  e61s721z  1638.930   919.011    582     4292     5424   1.8941   0.9844   0.4334   0.3031
    15799156 fnpc6005.fnal.gov   AuthenticAMD  4600.14  e61s721z  1642.200   925.614    394     7165     7891   2.6416   1.3921   0.6248   0.4396
    15799156 fnpc6013.fnal.gov   AuthenticAMD  4601.36  e61s721z  1653.190   901.706    443     7212     8201   2.7963   1.4891   0.6406   0.4553
    15799156 fnpc9021.fnal.gov   GenuineIntel  4799.31  e61s721z  1639.280   892.117    730     4266     6246   2.1472   1.2199   0.4158   0.2748
    15799156 fnpc6017.fnal.gov   AuthenticAMD  4599.37  e61s721z  1642.640   883.487   3028     6609    10045   3.4673   2.0552   0.5994   0.4125
    15799156 fnpc9019.fnal.gov   GenuineIntel  4799.31  e61s721z  1642.430   881.082    569     4441     7063   2.3942   1.3767   0.4228   0.3010
    15799156 fnpc9071.fnal.gov   GenuineIntel  4799.31  e61s721z  1639.420   793.289   3763     3432    13338   4.3040   2.9650   0.3366   0.2275
    15799156 fnpc9056.fnal.gov   GenuineIntel  4799.32  e61s721z  1635.290   905.273    702     4341     7006   2.3562   1.3438   0.4236   0.2955
    15799156 fnpc9034.fnal.gov   GenuineIntel  4799.30  e61s721z  1634.260   885.633   1018     4334     7880   2.6803   1.6120   0.4159   0.2948
    15799156 fnpc9021.fnal.gov   GenuineIntel  4799.31  e61s721z  1642.750   888.160    735     4221     6186   2.1532   1.2179   0.4131   0.2771
    15799156 fnpc9019.fnal.gov   GenuineIntel  4799.31  e61s721z  1640.410   903.078    693     4512     7129   2.3974   1.3663   0.4416   0.2927
    15799156 fnpc9056.fnal.gov   GenuineIntel  4799.32  e61s721z  1636.680   921.403    731     4311     6969   2.3706   1.3658   0.4183   0.2850
    15799156 fnpc9040.fnal.gov   GenuineIntel  4799.31  e61s721z  1638.270   913.355    145     4406     5280   1.8396   0.9166   0.4476   0.3192
    15799156 fnpc9065.fnal.gov   GenuineIntel  4799.30  e61s721z  1639.780   910.754    168     4521     5131   1.7572   0.8538   0.4431   0.3286
    15799156 fnpc9058.fnal.gov   GenuineIntel  4799.31  e61s721z  1640.120   912.527    205     4559     6107   2.0303   1.0735   0.4352   0.3106
    15799156 fnpc9006.fnal.gov   GenuineIntel  4799.30  e61s721z  1632.580   891.941    755     4305     7037   2.2872   1.3160   0.4185   0.2841
    15799156 fnpc6025.fnal.gov   AuthenticAMD  4599.73  e61s721z  1645.080   913.383   7432     6833     7908   2.7305   1.4714   0.6093   0.4257
    15799156 fnpc6031.fnal.gov   AuthenticAMD  4599.36  e61s721z  1644.400   914.153    159     7133     8802   3.0514   1.6455   0.6610   0.4723
    15799156 fnpc5037.fnal.gov   AuthenticAMD  4600.06  e61s721z  1651.950   896.451    188     5691     6450   2.1437   1.0405   0.5553   0.3664
    15799156 fnpc9008.fnal.gov   GenuineIntel  4799.29  e61s721z  1632.710   905.724    308     4333     5236   1.8335   0.9306   0.4330   0.3052
    15799156 fnpc7020.fnal.gov   AuthenticAMD  4599.36  e61s721z  1661.140   917.295    249     6845     8101   2.7970   1.4844   0.6362   0.4425
    15799156 fnpc9001.fnal.gov   GenuineIntel  4799.30  e61s721z  1638.640   906.711    178     4329    10007   3.3495   2.1166   0.4209   0.2885
    15799156 fnpc9035.fnal.gov   GenuineIntel  4799.29  e61s721z  1644.080   872.456    329     4374     6288   2.1321   1.1740   0.4213   0.3007
    15799156 fnpc9038.fnal.gov   GenuineIntel  4799.28  e61s721z  1637.610   909.349    122     4354     5736   1.9587   1.0475   0.4294   0.2858
    15799156 fnpc9067.fnal.gov   GenuineIntel  4799.28  e61s721z  1640.010   904.327    189     4393    11498   3.9365   2.5843   0.4289   0.2870
    15799156 fnpc8019.fnal.gov   GenuineIntel  4605.89  e61s721z  1637.740   886.743    190     5576     8092   2.7063   1.5324   0.4983   0.3648
    15799156 fnpc17109.fnal.gov  GenuineIntel  4606.12  e61s721z  1640.880   911.983    188     6427     6846   2.3035   1.1520   0.5641   0.3970
    15799156 fnpc5014.fnal.gov   AuthenticAMD  4600.05  e61s721z  1654.400   901.030    190     5438     6225   2.1553   1.0297   0.5496   0.3873
    15799156 fnpc9006.fnal.gov   GenuineIntel  4799.30  e61s721z  1638.130   913.613    771     4477     7204   2.3053   1.3104   0.4296   0.3000
    15799156 fnpc17104.fnal.gov  GenuineIntel  4605.99  e61s721z  1636.140   913.330    467     6499     9766   3.2594   1.8901   0.5721   0.3876
    15799156 fnpc9080.fnal.gov   GenuineIntel  4799.28  e61s721z  1641.980   902.013    220     4631     6650   2.2061   1.2071   0.4507   0.3092
    15799156 fnpc9110.fnal.gov   GenuineIntel  4799.29  e61s721z  1630.300   905.441    212     4127     4255   1.4974   0.7156   0.4153   0.2874
    15799156 fnpc9106.fnal.gov   GenuineIntel  4799.30  e61s721z  1640.080   915.055    120     4346     4569   1.5574   0.7598   0.4163   0.2908
    15799156 fnpc6000.fnal.gov   AuthenticAMD  4599.37  e61s721z  1643.710   908.235    172     7507     8168   2.6913   1.4046   0.6527   0.4529
    15799156 fnpc9003.fnal.gov   GenuineIntel  4799.31  e61s721z  1639.000   905.757   1394     4336     5615   1.8664   0.9639   0.4264   0.2973
    15799156 fnpc8010.fnal.gov   GenuineIntel  4605.88  e61s721z  1632.190   883.233    343     5393     6755   2.3327   1.2485   0.5031   0.3590
    15799156 fnpc8007.fnal.gov   GenuineIntel  4605.97  e61s721z  1637.240   911.237    192     6291     8253   2.7576   1.6580   0.4904   0.3470
    15799156 fnpc8009.fnal.gov   GenuineIntel  4606.38  e61s721z  1637.700   896.344    141     5320     6041   2.0105   1.0411   0.4739   0.3360
    15799156 fnpc9068.fnal.gov   GenuineIntel  4799.29  e61s721z  1634.480   907.309    145     4290     6772   2.3274   1.3344   0.4214   0.2893
    15799156 fnpc8013.fnal.gov   GenuineIntel  4605.96  e61s721z  1641.790   887.890    596     5431     7506   2.5333   1.4176   0.4974   0.3419
    15799156 fnpc9034.fnal.gov   GenuineIntel  4799.30  e61s721z  1640.470   889.377    970     4269     7844   2.6502   1.5973   0.4073   0.2784
    15799156 fnpc17125.fnal.gov  GenuineIntel  4606.22  e61s721z  1640.350   912.249    147     6522     9894   3.3337   1.9405   0.5779   0.4090
    15799156 fnpc17122.fnal.gov  GenuineIntel  4606.05  e61s721z  1638.900   872.972   5048     5662     7881   2.6509   1.4879   0.5058   0.3315
    15799156 fnpc17115.fnal.gov  GenuineIntel  4606.10  e61s721z  1634.380   901.812    258     6084     9757   3.4550   2.0723   0.5603   0.3819
    15799156 fnpc6018.fnal.gov   AuthenticAMD  4599.37  e61s721z  1652.710   912.409    168     6806     7240   2.4950   1.3083   0.6127   0.4136
    15799156 fnpc9022.fnal.gov   GenuineIntel  4799.30  e61s721z  1642.240   903.512    244     4647     6803   2.2399   1.2423   0.4356   0.3113
    15799156 fnpc8003.fnal.gov   GenuineIntel  4605.93  e61s721z  1641.900   901.083    339     5538     8162   2.7287   1.5510   0.4979   0.3515
    15799156 fnpc9023.fnal.gov   GenuineIntel  4799.31  e61s721z  1637.880   914.600    183     4294     5460   1.8822   0.9812   0.4207   0.2909
    15799156 fnpc9006.fnal.gov   GenuineIntel  4799.30  e61s721z  1638.360   917.647    815     4447     7196   2.4045   1.3727   0.4436   0.3053
    15799156 fnpc6014.fnal.gov   AuthenticAMD  4599.36  e61s721z  1652.820   901.071    306     7112     7775   2.6633   1.4056   0.6313   0.4388
    15799156 fnpc8027.fnal.gov   GenuineIntel  4605.84  e61s721z  1635.310   905.495    297     5290     6798   2.3354   1.2636   0.4984   0.3385
    15799156 fnpc9054.fnal.gov   GenuineIntel  4799.30  e61s721z  1638.210   913.232    307     4526     6866   2.2312   1.2543   0.4241   0.2910
    15799156 fnpc17118.fnal.gov  GenuineIntel  4606.17  e61s721z  1643.250   867.299    879     6477    11353   3.8884   2.3523   0.5796   0.3987
    15799156 fnpc9021.fnal.gov   GenuineIntel  4799.31  e61s721z  1642.480   896.287    654     4646     6769   2.2653   1.2546   0.4501   0.3109
    15799156 fnpc9045.fnal.gov   GenuineIntel  4799.31  e61s721z  1640.240   914.891    214     4431     5716   1.9399   1.0214   0.4269   0.3009
    15799156 fnpc9071.fnal.gov   GenuineIntel  4799.31  e61s721z  1638.240   797.139   3876     3467    13437   4.2392   2.9222   0.3334   0.2216
    15799156 fnpc9044.fnal.gov   GenuineIntel  4799.30  e61s721z  1638.750   909.484    347     4293     6187   2.1254   1.1796   0.4220   0.2867
    15799156 fnpc8011.fnal.gov   GenuineIntel  4606.16  e61s721z  1633.700   913.367    384     5447     6351   2.1446   1.1299   0.5012   0.3347
    15799156 fnpc4559.fnal.gov   AuthenticAMD  4000.05  e61s721z  1645.490   909.611    214     6260     7181   2.4666   1.1806   0.6276   0.4617
    15799156 fnpc8201.fnal.gov   GenuineIntel  4605.97  e61s721z  1636.300   908.558    556     5091     7616   2.6382   1.5156   0.4678   0.3372
    15799156 fnpc9012.fnal.gov   GenuineIntel  4799.29  e61s721z  1644.110   918.094    175     4428     5233   1.7553   0.8838   0.4267   0.2990
    15799156 fnpc7006.fnal.gov   AuthenticAMD  4599.64  e61s721z  1654.280   919.695    390     6692     6924   2.4077   1.2261   0.6174   0.4201
    15799156 fnpc7003.fnal.gov   AuthenticAMD  4599.00  e61s721z  1659.400   886.739    377     6900     8950   3.1259   1.7388   0.6399   0.4373
    15799156 fnpc9070.fnal.gov   GenuineIntel  4799.29  e61s721z  1638.980   921.068    623     4332     5134   1.7387   0.8797   0.4175   0.2945
    15799156 fnpc7012.fnal.gov   AuthenticAMD  4599.35  e61s721z  1647.850   912.941    361     6578     7372   2.5883   1.3684   0.6136   0.4115
    15799156 fnpc8012.fnal.gov   GenuineIntel  4605.98  e61s721z  1636.270   903.344    369     5224     6426   2.2083   1.1912   0.4836   0.3217
    15799156 fnpc6014.fnal.gov   AuthenticAMD  4599.36  e61s721z  1652.200   908.730    316     7162     7836   2.6381   1.3895   0.6255   0.4347
    15799156 fnpc9045.fnal.gov   GenuineIntel  4799.31  e61s721z  1639.640   883.089    196     4298     5530   1.9256   1.0156   0.4224   0.2963
    15799156 fnpc8027.fnal.gov   GenuineIntel  4605.84  e61s721z  1643.910   894.489    281     5483     7071   2.4206   1.3262   0.5057   0.3454
    15799156 fnpc17118.fnal.gov  GenuineIntel  4606.17  e61s721z  1637.920   912.187    939     6539    11571   3.9177   2.3881   0.5782   0.4043
    15799156 fnpc9044.fnal.gov   GenuineIntel  4799.30  e61s721z  1637.630   907.887    345     4397     6278   2.1658   1.1665   0.4383   0.3090
    15799156 fnpc8011.fnal.gov   GenuineIntel  4606.16  e61s721z  1639.620   918.331    385     5497     6436   2.1302   1.1201   0.4953   0.3347
    15799156 fnpc8201.fnal.gov   GenuineIntel  4605.97  e61s721z  1639.130   921.387    570     5503     8325   2.7946   1.6206   0.4913   0.3476
    15799156 fnpc8210.fnal.gov   GenuineIntel  4605.58  e61s721z  1637.370   914.387    298     5240     6002   2.0307   1.0552   0.4728   0.3365
    15799156 fnpc9070.fnal.gov   GenuineIntel  4799.29  e61s721z  1635.810   911.270   7814     4340     8470   2.8786   1.7444   0.4231   0.2776
    15799156 fnpc8012.fnal.gov   GenuineIntel  4605.98  e61s721z  1646.120   894.554    355     5372     6701   2.3164   1.2422   0.4966   0.3555
    15799156 fnpc9054.fnal.gov   GenuineIntel  4799.30  e61s721z  1641.620   912.929    293     4462     6827   2.2391   1.2744   0.4193   0.2865
    15799156 fnpc7006.fnal.gov   AuthenticAMD  4599.64  e61s721z  1652.660   911.036   7612     6717     6936   2.3902   1.2236   0.6054   0.4199
    15799156 fnpc7003.fnal.gov   AuthenticAMD  4599.00  e61s721z  1647.280   894.407    398     6750     8773   3.0293   1.7024   0.6052   0.4135
    15799156 fnpc7012.fnal.gov   AuthenticAMD  4599.35  e61s721z  1651.710   919.257    353     6528     7365   2.5390   1.3655   0.5696   0.4047
    15799156 fnpc8012.fnal.gov   GenuineIntel  4605.98  e61s721z  1636.660   891.421    341     5312     6651   2.2322   1.2214   0.4706   0.3184
    15799156 fnpc9070.fnal.gov   GenuineIntel  4799.29  e61s721z  1638.040   911.618    625     4529     5316   1.7932   0.8756   0.4378   0.3297
    15799156 fnpc8210.fnal.gov   GenuineIntel  4605.58  e61s721z  1637.440   890.872    192     5363     6213   2.0573   1.0814   0.4734   0.3308
    15799156 fnpc7006.fnal.gov   AuthenticAMD  4599.64  e61s721z  1645.560   892.396    372     7143     7394   2.4737   1.2475   0.6301   0.4467
    15799156 fnpc7003.fnal.gov   AuthenticAMD  4599.00  e61s721z  1654.450   908.456    412     7027     9147   3.0707   1.7224   0.6259   0.4185
    15799156 fnpc7012.fnal.gov   AuthenticAMD  4599.35  e61s721z  1641.570   907.203    345     6683     7518   2.5673   1.3748   0.6003   0.3961
    15799156 fnpc9071.fnal.gov   GenuineIntel  4799.31  e61s721z  1630.240   879.043   3863     3415    12803   4.1265   2.8505   0.3212   0.2304
    15799156 fnpc9021.fnal.gov   GenuineIntel  4799.31  e61s721z  1642.840   899.920    651     4436     6514   2.1807   1.2299   0.4238   0.2852
    15799156 fnpc5020.fnal.gov   AuthenticAMD  4600.45  e61s721z  1652.200   904.737    172     5676     6194   2.1118   0.9638   0.5797   0.3973
    15799156 fnpc8019.fnal.gov   GenuineIntel  4605.89  e61s721z  1640.770   906.285    176     5635     8130   2.7043   1.5255   0.5074   0.3666
    15799156 fnpc9042.fnal.gov   GenuineIntel  4799.30  e61s721z  1639.740   905.880    160     4237     5562   1.9138   1.0315   0.4063   0.2900
    15799156 fnpc9035.fnal.gov   GenuineIntel  4799.29  e61s721z  1635.280   913.207    252     4343     6230   2.1369   1.1844   0.4269   0.2974
    15799156 fnpc9013.fnal.gov   GenuineIntel  4799.30  e61s721z  1637.700   907.653   2142     3950     6698   2.1528   1.2515   0.3913   0.2622
    15799156 fnpc6030.fnal.gov   AuthenticAMD  4600.04  e61s721z  1651.110   909.160    279     7203     8039   2.6657   1.3994   0.6203   0.4444
    15799156 fnpc8022.fnal.gov   GenuineIntel  4606.07  e61s721z  1639.440   910.475    232     5766     7157   2.3941   1.3015   0.5071   0.3383
    15799156 fnpc9071.fnal.gov   GenuineIntel  4799.31  e61s721z  1635.820   898.458   3974     3514    13325   4.1905   2.9073   0.3296   0.2187
    15799156 fnpc17118.fnal.gov  GenuineIntel  4606.17  e61s721z  1639.060   910.803    317     6618    12438   4.0950   2.5367   0.5686   0.4093
    15799156 fnpc8010.fnal.gov   GenuineIntel  4605.88  e61s721z  1639.910   908.612    478     5304     6646   2.2755   1.2458   0.4943   0.3301
    15799156 fnpc6012.fnal.gov   AuthenticAMD  4599.40  e61s721z  1650.040   920.601    216     6772     8965   3.0414   1.7037   0.5958   0.4282
    15799156 fnpc6028.fnal.gov   AuthenticAMD  4600.04  e61s721z  1640.620   901.030    535     6969    11630   3.9416   2.3728   0.6233   0.4573
    15799156 fnpc17107.fnal.gov  GenuineIntel  4605.97  e61s721z  1637.770   899.998    188     6550    10119   3.4140   1.9982   0.5828   0.3919
    15799156 fnpc8013.fnal.gov   GenuineIntel  4605.96  e61s721z  1638.150   909.898    509     6817     8889   3.0461   1.7499   0.6097   0.3647
    15799156 fnpc9025.fnal.gov   GenuineIntel  4799.31  e61s721z  1640.090   914.096    156     4316     5607   1.9004   1.0074   0.4269   0.2777
    15799156 fnpc8021.fnal.gov   GenuineIntel  4605.79  e61s721z  1638.520   902.259    888     5537     9585   3.2373   1.9516   0.5095   0.3463
    15799156 fnpc9034.fnal.gov   GenuineIntel  4799.30  e61s721z  1641.060   907.686    761     4408     7963   2.7465   1.6380   0.4317   0.3058
    15799156 fnpc17122.fnal.gov  GenuineIntel  4606.05  e61s721z  1636.760   897.020   5115     5751     8046   2.6561   1.5043   0.4945   0.3339
    15799156 fnpc6027.fnal.gov   AuthenticAMD  4599.45  e61s721z  1647.440   915.763    625     7060     7945   2.7046   1.4122   0.6420   0.4442
    15799156 fnpc17105.fnal.gov  GenuineIntel  4606.07  e61s721z  1633.100   903.897    545     6301    14466   4.9475   3.2077   0.5575   0.3861
    15799156 fnpc5026.fnal.gov   AuthenticAMD  4600.03  e61s721z  1660.820   919.880    155     5505     5750   1.9662   0.8782   0.5584   0.3888
    15799156 fnpc6015.fnal.gov   AuthenticAMD  4599.80  e61s721z  1662.880   906.924    168     7055     8234   2.8531   1.5288   0.6368   0.4485
    15799156 fnpc9060.fnal.gov   GenuineIntel  4799.30  e61s721z  1636.230   910.778    876     4541     6637   2.1861   1.2217   0.4262   0.3012
    15799156 fnpc9031.fnal.gov   GenuineIntel  4799.29  e61s721z  1631.340   907.928    252     4732     6137   1.8991   0.9781   0.4452   0.3188
    15799156 fnpc17111.fnal.gov  GenuineIntel  4606.25  e61s721z  1636.630   894.673    243     6403     9028   3.0604   1.7249   0.5746   0.3907
    15799156 fnpc8021.fnal.gov   GenuineIntel  4605.79  e61s721z  1642.830   892.006    867     5242     9300   3.2588   1.9897   0.5046   0.3283
    15799156 fnpc17124.fnal.gov  GenuineIntel  4605.99  e61s721z  1636.000   883.655    646     6455     8882   3.0027   1.7028   0.5763   0.3853
    15799156 fnpc6028.fnal.gov   AuthenticAMD  4600.04  e61s721z  1640.710   914.616    538     6840    11535   3.8863   2.3783   0.6085   0.4133
    15799156 fnpc8209.fnal.gov   GenuineIntel  4605.91  e61s721z  1640.460   897.954    850     5061     7058   2.4420   1.3896   0.4692   0.3278
    15799156 fnpc17128.fnal.gov  GenuineIntel  4606.02  e61s721z  1638.170   899.887    448     6400    10454   3.5748   2.1379   0.5822   0.4043
    15799156 fnpc9074.fnal.gov   GenuineIntel  4799.30  e61s721z  1638.350   902.492    344     4450     6845   2.2846   1.2917   0.4257   0.2977
    15799156 fnpc7024.fnal.gov   AuthenticAMD  4599.38  e61s721z  1651.370   912.794    183     6963     7329   2.4726   1.2918   0.6034   0.4244
    15799156 fnpc17102.fnal.gov  GenuineIntel  4606.10  e61s721z  1638.680   890.339    329     6531    10015   3.4022   1.9916   0.5820   0.3901
    15799156 fnpc9060.fnal.gov   GenuineIntel  4799.30  e61s721z  1638.670   912.142    893     4523     6594   2.2250   1.2365   0.4351   0.3087
    15799156 fnpc9031.fnal.gov   GenuineIntel  4799.29  e61s721z  1641.190   912.486    239     4454     5852   1.8505   0.9424   0.4418   0.2962
    15799156 fnpc7310.fnal.gov   GenuineIntel  4605.90  e61s721z  1640.110   909.087    564     3365     5288   1.7787   1.0630   0.2928   0.2047
    15799156 fnpc17111.fnal.gov  GenuineIntel  4606.25  e61s721z  1639.450   920.949    246     5939     8469   3.0003   1.6983   0.5608   0.3853
    15799156 fnpc17124.fnal.gov  GenuineIntel  4605.99  e61s721z  1640.880   893.788    678     6278     8706   2.9160   1.6814   0.5242   0.3673
    15799156 fnpc8209.fnal.gov   GenuineIntel  4605.91  e61s721z  1642.970   905.474    855     5116     7140   2.4608   1.3911   0.4697   0.3262
    15799156 fnpc9060.fnal.gov   GenuineIntel  4799.30  e61s721z  1632.770   910.623    887     4603     6705   2.2140   1.2269   0.4433   0.2971
    15799156 fnpc8021.fnal.gov   GenuineIntel  4605.79  e61s721z  1639.530   888.041    879     5401     9500   3.2789   1.9875   0.5015   0.3525
    15799156 fnpc17105.fnal.gov  GenuineIntel  4606.07  e61s721z  1637.050   909.435    552     6259    14078   4.7817   3.1048   0.5576   0.3694
    15799156 fnpc6027.fnal.gov   AuthenticAMD  4599.45  e61s721z  1640.330   861.307    457     6742     7847   2.7406   1.4522   0.6213   0.4420
    15799156 fnpc9074.fnal.gov   GenuineIntel  4799.30  e61s721z  1638.660   920.531    391     4480     6897   2.3060   1.3092   0.4326   0.2934
    15799156 fnpc17118.fnal.gov  GenuineIntel  4606.17  e61s721z  1643.080   914.084    315     6593    12259   4.1021   2.5422   0.5721   0.4092
    15799156 fnpc17128.fnal.gov  GenuineIntel  4606.02  e61s721z  1633.030   913.641    465     6735    11076   3.6317   2.1794   0.5678   0.4110
    15799156 fnpc17124.fnal.gov  GenuineIntel  4605.99  e61s721z  1641.250   905.069    690     6628     9007   3.0019   1.7126   0.5694   0.3926
    15799156 fnpc8209.fnal.gov   GenuineIntel  4605.91  e61s721z  1635.230   894.763    859     5007     6891   2.3551   1.3226   0.4559   0.3208
    15799156 fnpc8021.fnal.gov   GenuineIntel  4605.79  e61s721z  1634.330   885.109    880     5456     9611   3.2838   1.9923   0.5138   0.3380
    15799156 fnpc9060.fnal.gov   GenuineIntel  4799.30  e61s721z  1639.280   910.893    876     4349     6381   2.2175   1.2412   0.4328   0.3032
    15799156 fnpc17105.fnal.gov  GenuineIntel  4606.07  e61s721z  1642.020   891.699    525     6000    12550   4.4152   2.7997   0.5443   0.3765
    15799156 fnpc6027.fnal.gov   AuthenticAMD  4599.45  e61s721z  1642.800   868.434    468     6659     7745   2.6432   1.4009   0.6021   0.4228
    15799156 fnpc17128.fnal.gov  GenuineIntel  4606.02  e61s721z  1638.610   898.372    455     6315    10314   3.4988   2.0910   0.5621   0.3821
    15799156 fnpc8010.fnal.gov   GenuineIntel  4605.88  e61s721z  1641.060   917.238    467     5262     6588   2.2691   1.2379   0.4902   0.3249
    15799156 fnpc17102.fnal.gov  GenuineIntel  4606.10  e61s721z  1640.690   910.959    333     6601    10059   3.4297   2.0045   0.5751   0.4259
    15799156 fnpc8209.fnal.gov   GenuineIntel  4605.91  e61s721z  1635.530   917.033    867     5225     7263   2.4722   1.3981   0.4684   0.3262
    15799156 fnpc17124.fnal.gov  GenuineIntel  4605.99  e61s721z  1637.990   889.680    672     6317     8730   2.9970   1.7104   0.5728   0.3754
    15799156 fnpc9060.fnal.gov   GenuineIntel  4799.30  e61s721z  1638.060   908.464    864     4546     6602   2.2639   1.2443   0.4605   0.3122
    15799156 fnpc8021.fnal.gov   GenuineIntel  4605.79  e61s721z  1632.890   876.777    858     5315     9426   3.2586   1.9622   0.5035   0.3479
    15799156 fnpc8209.fnal.gov   GenuineIntel  4605.91  e61s721z  1642.000   913.588    861     4919     6799   2.3427   1.3209   0.4422   0.3247
    15799156 fnpc17124.fnal.gov  GenuineIntel  4605.99  e61s721z  1640.300   892.772    672     6377     8795   2.9882   1.7191   0.5553   0.3818
    15799156 fnpc9060.fnal.gov   GenuineIntel  4799.30  e61s721z  1638.690   913.191    891     4462     6511   2.2071   1.2297   0.4385   0.2967
    15799156 fnpc9034.fnal.gov   GenuineIntel  4799.30  e61s721z  1636.790   881.574    410     1514     3568   3.3646   2.1691   0.4049   0.2597
