jobid/I:node_name/C:cpu_id/C:bogomips/F:dsid/C:vmpeak/F:vmhwm/F:tstage/I:totcpu/I:totwall/I:tfull/F:tistn/F:tkffpar/F:tkffdar/F
    14446514 fnpc17151.fnal.gov  GenuineIntel  4606.13  r31s7200  1634.820   849.273    174     3135     7095   3.1106   1.9721   0.4040   0.1999
    14446514 fnpc17130.fnal.gov  GenuineIntel  4606.21  r31s7200  1633.840   905.417    304     3147     4184   1.7988   0.9609   0.3913   0.1951
    14446514 fnpc9044.fnal.gov   GenuineIntel  4799.30  r31s7200  1634.240   905.236    166     1836     2145   0.9345   0.5108   0.2209   0.1090
    14446514 fnpc17107.fnal.gov  GenuineIntel  4606.15  r31s7200  1634.940   893.256    236     3384     5700   2.5286   1.4681   0.4347   0.2230
    14446514 fnpc17128.fnal.gov  GenuineIntel  4606.48  r31s7200  1635.480   895.369    114     4012     4467   2.0399   1.1454   0.4554   0.2315
    14446514 fnpc17160.fnal.gov  GenuineIntel  4606.04  r31s7200  1631.510   903.377    104     3167     4244   1.8343   0.9719   0.4117   0.1885
    14446514 fnpc8025.fnal.gov   GenuineIntel  4606.04  r31s7200  1632.300   901.280    230     4088     6967   3.1407   2.0747   0.4302   0.2036
    14446514 fnpc9108.fnal.gov   GenuineIntel  4799.29  r31s7200  1634.890   884.593    147     2758     3076   1.3238   0.7165   0.3334   0.1660
    14446514 fnpc17144.fnal.gov  GenuineIntel  4606.15  r31s7200  1630.460   906.781    117     2690     3048   1.3272   0.6240   0.3505   0.1758
    14446514 fnpc17108.fnal.gov  GenuineIntel  4606.35  r31s7200  1633.140   893.805    220     3456     5357   2.3469   1.3180   0.4614   0.2194
    14446514 fnpc17115.fnal.gov  GenuineIntel  4606.34  r31s7200  1635.280   777.613    232     4006    10263   4.6193   3.1784   0.4440   0.2258
    14446514 fnpc17135.fnal.gov  GenuineIntel  4606.48  r31s7200  1633.110   895.930    227     3187     6320   2.7341   1.6582   0.4043   0.1959
    14446514 fnpc7207.fnal.gov   GenuineIntel  4605.74  r31s7200  1634.780   877.412    250     3407     6555   2.9067   1.8941   0.3903   0.1854
    14446514 fnpc8006.fnal.gov   GenuineIntel  4606.00  r31s7200  1632.920   883.986    191     3580     6148   2.7034   1.7231   0.4026   0.1953
    14446514 fnpc17147.fnal.gov  GenuineIntel  4606.31  r31s7200  1633.760   890.974    142     4096     5069   2.2271   1.2972   0.4524   0.2215
    14446514 fnpc9059.fnal.gov   GenuineIntel  4799.31  r31s7200  1636.120   803.385    350     2478     6131   2.7203   1.8403   0.3008   0.1417
    14446514 fnpc17126.fnal.gov  GenuineIntel  4606.25  r31s7200  1640.670   857.670    461     3405     9322   3.9932   2.6467   0.4204   0.2046
    14446514 fnpc17148.fnal.gov  GenuineIntel  4606.26  r31s7200  1631.840   868.176    182     3464     6217   2.7615   1.6429   0.4593   0.2161
    14446514 fnpc17146.fnal.gov  GenuineIntel  4606.23  r31s7200  1631.400   877.584    270     3184     9262   4.0787   2.7367   0.4055   0.1996
    14446514 fnpc8022.fnal.gov   GenuineIntel  4606.07  r31s7200  1635.820   904.221    284     4272     5326   2.2924   1.2894   0.5050   0.2498
    14446514 fnpc17114.fnal.gov  GenuineIntel  4606.22  r31s7200  1630.320   844.067    402     3382     4593   2.0080   1.0647   0.4439   0.2213
    14446514 fnpc9017.fnal.gov   GenuineIntel  4799.31  r31s7200  1631.410   894.173    389     2414     8871   4.0031   2.8168   0.2868   0.1341
    14446514 fnpc5016.fnal.gov   AuthenticAMD  4600.04  r31s7200  1646.670   903.717    431     3771     5650   2.4435   1.4489   0.4493   0.2275
    14446514 fnpc17130.fnal.gov  GenuineIntel  4606.21  r31s7200  1637.280   900.952    234     3067     3873   1.6912   0.8768   0.3995   0.1896
    14446514 fnpc8203.fnal.gov   GenuineIntel  4606.11  r31s7200  1633.040   897.892    136     3287     3872   1.7400   0.9966   0.3890   0.1913
    14446514 fnpc8207.fnal.gov   GenuineIntel  4606.20  r31s7200  1632.690   881.578    133     3328     4311   1.9411   1.1526   0.3855   0.1865
    14446514 fnpc8209.fnal.gov   GenuineIntel  4605.91  r31s7200  1632.400   870.257    151     3330     3833   1.6945   0.9632   0.3762   0.1994
    14446514 fnpc7308.fnal.gov   GenuineIntel  4605.91  r31s7200  1632.350   891.646    128     3445     4045   1.7658   1.0152   0.3843   0.1968
    14446514 fnpc4506.fnal.gov   AuthenticAMD  4000.03  r31s7200  1643.040   903.062    153     4009     4504   2.0235   1.0691   0.5035   0.2555
    14446514 fnpc9025.fnal.gov   GenuineIntel  4799.31  r31s7200  1636.940   900.755    245     2658     6951   3.1216   2.1136   0.3290   0.1556
    14446514 fnpc9062.fnal.gov   GenuineIntel  4799.30  r31s7200  1640.130   877.261    261     2635     8360   3.7609   2.6387   0.3221   0.1570
    14446514 fnpc9042.fnal.gov   GenuineIntel  4799.30  r31s7200  1630.910   904.131    350     2164    17511   7.6488   5.7353   0.2517   0.1176
    14446514 fnpc5026.fnal.gov   AuthenticAMD  4600.03  r31s7200  1644.840   857.727    206     3680     4345   1.9173   1.0320   0.4633   0.2308
    14446514 fnpc17131.fnal.gov  GenuineIntel  4606.17  r31s7200  1633.200   860.946    205     3257     5927   2.5760   1.5036   0.4269   0.2126
    14446514 fnpc7009.fnal.gov   AuthenticAMD  4599.37  r31s7200  1652.380   900.375    183     4398     7789   3.3864   2.1894   0.4783   0.2509
    14446514 fnpc6012.fnal.gov   AuthenticAMD  4599.40  r31s7200  1644.520   876.958    244     4119     6991   3.1092   2.0268   0.4436   0.2248
    14446514 fnpc7024.fnal.gov   AuthenticAMD  4599.38  r31s7200  1637.110   874.877    245     4252     8158   3.6767   2.4200   0.4823   0.2451
    14446514 fnpc6007.fnal.gov   AuthenticAMD  4601.65  r31s7200  1642.360   907.842    185     4204     6906   2.9657   1.9113   0.4276   0.2190
    14446514 fnpc7015.fnal.gov   AuthenticAMD  4599.37  r31s7200  1635.680   867.037    237     3899     5609   2.4951   1.5771   0.4083   0.1998
    14446514 fnpc7020.fnal.gov   AuthenticAMD  4599.36  r31s7200  1646.840   888.414    400     4247     5029   2.1898   1.3033   0.4446   0.2285
    14446514 fnpc6005.fnal.gov   AuthenticAMD  4600.14  r31s7200  1646.610   891.216    178     3943     4816   2.0918   1.2471   0.4247   0.2088
    14446514 fnpc7011.fnal.gov   AuthenticAMD  4599.74  r31s7200  1644.290   872.681    254     4222     6325   2.7951   1.7259   0.4669   0.2385
    14446514 fnpc8022.fnal.gov   GenuineIntel  4606.07  r31s7200  1630.860   863.556    347    15803    17417   7.3625   4.9307   1.4077   0.4898
    14446514 fnpc17114.fnal.gov  GenuineIntel  4606.22  r31s7200  1638.040   883.454    429     3388     4579   1.9868   1.0539   0.4318   0.2273
    14446514 fnpc17126.fnal.gov  GenuineIntel  4606.25  r31s7200  1633.900   773.186    408     3399     8716   3.8245   2.4989   0.4385   0.2099
    14446514 fnpc17148.fnal.gov  GenuineIntel  4606.26  r31s7200  1635.300   864.322    214     3356     6178   2.6873   1.6204   0.4324   0.2049
    14446514 fnpc17146.fnal.gov  GenuineIntel  4606.23  r31s7200  1634.360   899.482    288     3113     8730   3.9088   2.5627   0.4100   0.2016
    14446514 fnpc5016.fnal.gov   AuthenticAMD  4600.04  r31s7200  1645.420   921.055    401     4019     5901   2.4802   1.4640   0.4676   0.2374
    14446514 fnpc5026.fnal.gov   AuthenticAMD  4600.03  r31s7200  1643.380   874.791    233     3652     4324   1.8982   1.0171   0.4599   0.2250
    14446514 fnpc17130.fnal.gov  GenuineIntel  4606.21  r31s7200  1633.620   851.968    226     3007     3790   1.6692   0.8556   0.3973   0.1878
    14446641 fnpc17148.fnal.gov  GenuineIntel  4606.26  r31s7200  1636.000   895.652    123     3481     6314   2.7382   1.6359   0.4349   0.2188
    14446641 fnpc17151.fnal.gov  GenuineIntel  4606.13  r31s7200  1633.500   822.292    247     2999     6626   2.9778   1.8687   0.3948   0.1870
    14446641 fnpc17104.fnal.gov  GenuineIntel  4606.19  r31s7200  1628.760   913.682    128     3182     3955   1.7280   0.8781   0.4212   0.1986
    14446641 fnpc9006.fnal.gov   GenuineIntel  4799.30  r31s7200  1639.470   882.467    354     2305    11541   5.2150   3.8144   0.2773   0.1295
    14446641 fnpc17141.fnal.gov  GenuineIntel  4606.25  r31s7200  2007.670   836.653    208     4060     8972   4.0349   2.6822   0.4565   0.2286
    14446641 fnpc17127.fnal.gov  GenuineIntel  4606.19  r31s7200  1635.300   897.749    126     3270     4886   2.1925   1.2187   0.4326   0.2198
    14446641 fnpc17132.fnal.gov  GenuineIntel  4606.16  r31s7200  1631.990   897.430    122     3379     9026   3.9327   2.5810   0.4347   0.2163
    14446641 fnpc17120.fnal.gov  GenuineIntel  4606.22  r31s7200  1633.330   906.904    102     3214     3803   1.7302   0.8675   0.4270   0.2230
    14446641 fnpc17129.fnal.gov  GenuineIntel  4606.07  r31s7200  1642.550   914.043    354     3073     9299   4.1457   2.7729   0.3972   0.2033
    14446641 fnpc17113.fnal.gov  GenuineIntel  4606.30  r31s7200  1636.820   781.455    240     3567     4832   2.0857   1.1160   0.4587   0.2246
    14446641 fnpc17160.fnal.gov  GenuineIntel  4606.04  r31s7200  1635.790   893.710    120     2982     3411   1.5540   0.7416   0.4190   0.1977
    14446641 fnpc9022.fnal.gov   GenuineIntel  4799.30  r31s7200  1641.470   903.303    356     2647     7770   3.3289   2.2987   0.3207   0.1440
    14446641 fnpc17110.fnal.gov  GenuineIntel  4606.22  r31s7200  1638.220   891.838    104     3611     4638   2.0046   1.0153   0.4793   0.2461
    14446641 fnpc17107.fnal.gov  GenuineIntel  4606.15  r31s7200  1638.700   904.049    264     3456     5747   2.4881   1.4528   0.4228   0.2144
    14446641 fnpc8015.fnal.gov   GenuineIntel  4605.82  r31s7200  1634.190   903.561    293     3222     7822   3.3750   2.2971   0.3509   0.1635
    14446641 fnpc7207.fnal.gov   GenuineIntel  4605.74  r31s7200  1635.300   894.923    267     3287     6265   2.7556   1.7932   0.3690   0.1737
    14446641 fnpc17114.fnal.gov  GenuineIntel  4606.22  r31s7200  1634.290   901.534    204     3460     4669   1.9582   1.0385   0.4322   0.2098
    14446641 fnpc17108.fnal.gov  GenuineIntel  4606.35  r31s7200  1637.910   882.561    165     3268     4981   2.2912   1.2872   0.4502   0.2156
    14446641 fnpc9053.fnal.gov   GenuineIntel  4799.29  r31s7200  1633.600   885.248    427     2761     5070   2.1764   1.3866   0.3238   0.1607
    14446641 fnpc9105.fnal.gov   GenuineIntel  4799.31  r31s7200  1632.040   900.321    103     2722     3092   1.3348   0.7475   0.3219   0.1603
    14446641 fnpc17124.fnal.gov  GenuineIntel  4606.23  r31s7200  1624.440   906.654    377     3306     6941   3.0054   1.8611   0.4263   0.2145
    14446641 fnpc17105.fnal.gov  GenuineIntel  4606.30  r31s7200  1645.260   793.919    171     3243     6565   2.8297   1.7297   0.4167   0.2062
    14446641 fnpc17121.fnal.gov  GenuineIntel  4606.29  r31s7200  1636.180   901.321    232     3350     5446   2.3346   1.3134   0.4313   0.2235
    14446641 fnpc7304.fnal.gov   GenuineIntel  4606.02  r31s7200  1634.030   914.588    109     3286     4054   1.8204   1.0616   0.3799   0.1871
    14446641 fnpc7309.fnal.gov   GenuineIntel  4606.45  r31s7200  1634.340   895.537    235     3625     4281   1.8079   1.0463   0.4026   0.1987
    14446641 fnpc5002.fnal.gov   AuthenticAMD  4600.05  r31s7200  1636.130   846.254    213     3546     3759   1.6502   0.8268   0.4534   0.2301
    14446641 fnpc9009.fnal.gov   GenuineIntel  4799.31  r31s7200  1635.360   850.747    683     2661     4630   2.0876   1.3106   0.3293   0.1626
    14446641 fnpc5026.fnal.gov   AuthenticAMD  4600.03  r31s7200  1642.070   881.566    191     3663     4214   1.8554   0.9819   0.4654   0.2285
    14446641 fnpc9066.fnal.gov   GenuineIntel  4799.29  r31s7200  1639.000   901.566    365     2436     5873   2.6208   1.7627   0.2895   0.1363
    14446641 fnpc9040.fnal.gov   GenuineIntel  4799.31  r31s7200  1631.110   899.138    274     2766     6052   2.5935   1.7140   0.3181   0.1538
    14446641 fnpc7005.fnal.gov   AuthenticAMD  4599.36  r31s7200  1638.480   918.217    205     4374     5334   2.3827   1.3968   0.4929   0.2519
    14446641 fnpc7021.fnal.gov   AuthenticAMD  4599.41  r31s7200  1641.860   903.143    189     4272     5407   2.3754   1.4268   0.4598   0.2364
    14446641 fnpc7007.fnal.gov   AuthenticAMD  4599.35  r31s7200  1645.470   879.796    290     4250    10487   4.6739   3.1948   0.4729   0.2327
    14446641 fnpc6028.fnal.gov   AuthenticAMD  4601.50  r31s7200  1659.560   896.569    260     4165     7877   3.6547   2.4145   0.4827   0.2339
    14446641 fnpc7024.fnal.gov   AuthenticAMD  4599.38  r31s7200  1651.010   883.155    324     4264     8015   3.5178   2.3447   0.4520   0.2253
    14446641 fnpc7004.fnal.gov   AuthenticAMD  4599.39  r31s7200  1645.720   891.531    273     4495     5346   2.2612   1.3297   0.4737   0.2477
    14446641 fnpc6001.fnal.gov   AuthenticAMD  4599.74  r31s7200  1633.900   907.035    160     4576     8950   3.9308   2.5706   0.5162   0.2598
    14446641 fnpc7030.fnal.gov   AuthenticAMD  4599.38  r31s7200  1644.960   851.816    290     4011     5115   2.2645   1.3730   0.4280   0.2197
    14446641 fnpc7029.fnal.gov   AuthenticAMD  4599.38  r31s7200  1637.490   909.529    280     4231     4959   2.1816   1.2758   0.4589   0.2357
    14446641 fnpc9053.fnal.gov   GenuineIntel  4799.29  r31s7200  1632.150   912.556    420     2537     4742   2.1822   1.3966   0.3152   0.1460
    14446641 fnpc8015.fnal.gov   GenuineIntel  4605.82  r31s7200  1630.630   867.918    257     3160     7681   3.4117   2.3360   0.3424   0.1730
    14446641 fnpc7207.fnal.gov   GenuineIntel  4605.74  r31s7200  1636.880   844.657    258     3463     6626   2.8700   1.8660   0.3841   0.1881
    14446641 fnpc9053.fnal.gov   GenuineIntel  4799.29  r31s7200  1631.810   887.603    446     2689     5019   2.1876   1.3960   0.3213   0.1521
    14446641 fnpc9105.fnal.gov   GenuineIntel  4799.31  r31s7200  1637.000   898.363     96     2587     2915   1.3428   0.7325   0.3377   0.1695
    14446641 fnpc5002.fnal.gov   AuthenticAMD  4600.05  r31s7200  1655.630   888.635    245     3688     3945   1.6606   0.8508   0.4365   0.2259
    14446641 fnpc5026.fnal.gov   AuthenticAMD  4600.03  r31s7200  1632.450   912.069    211     3582     4034   1.7894   0.9397   0.4552   0.2221
    14446641 fnpc9066.fnal.gov   GenuineIntel  4799.29  r31s7200  1627.420   897.040    366     2486     6103   2.6560   1.7963   0.2860   0.1423
    14446641 fnpc9040.fnal.gov   GenuineIntel  4799.31  r31s7200  1629.600   852.906    219     2665     5940   2.6368   1.7406   0.3281   0.1503
    14446641 fnpc7030.fnal.gov   AuthenticAMD  4599.38  r31s7200  1640.170   908.263    337     3999     5083   2.3247   1.3983   0.4514   0.2303
    14446641 fnpc7029.fnal.gov   AuthenticAMD  4599.38  r31s7200  1646.330   834.142    264     4189     4910   2.1356   1.2820   0.4275   0.2131
    14437173 fnpc9058.fnal.gov   GenuineIntel  4799.31  r31s7200  1627.870   875.147     94     2986     3808   1.6830   0.9474   0.3738   0.1846
    14437173 fnpc5020.fnal.gov   AuthenticAMD  4600.45  r31s7200  1640.610   907.059    142     3528     3765   1.6405   0.8414   0.4279   0.2280
    14437173 fnpc6026.fnal.gov   AuthenticAMD  4599.36  r31s7200  1642.970   911.294    196     4427     6390   2.8639   1.7549   0.5043   0.2596
    14437173 fnpc6010.fnal.gov   AuthenticAMD  4599.33  r31s7200  1645.800   894.996    213     4441     4959   2.1834   1.2637   0.4879   0.2493
    14437173 fnpc6016.fnal.gov   AuthenticAMD  4599.37  r31s7200  1641.580   885.375    528     4394     5066   2.2261   1.3019   0.4781   0.2561
    14437173 fnpc7015.fnal.gov   AuthenticAMD  4599.37  r31s7200  1647.360   825.582    133     4398     4741   2.1158   1.2204   0.4934   0.2446
    14437173 fnpc6006.fnal.gov   AuthenticAMD  4599.19  r31s7200  1646.490   914.567   7434     4462     5616   2.4617   1.4672   0.5057   0.2403
    14437173 fnpc9061.fnal.gov   GenuineIntel  4799.31  r31s7200  1631.330   901.743   7534     3105     3670   1.6241   0.8953   0.3793   0.2048
    14437173 fnpc9076.fnal.gov   GenuineIntel  4799.31  r31s7200  1637.870   817.455    362     2947     4171   1.6791   0.9815   0.3371   0.1775
    14437173 fnpc9066.fnal.gov   GenuineIntel  4799.29  r31s7200  1633.730   904.376     73     2989     3686   1.5916   0.9069   0.3525   0.1804
    14437173 fnpc9019.fnal.gov   GenuineIntel  4799.31  r31s7200  8054.140   908.628    213     2861     6498   2.7775   1.8518   0.3409   0.1728
    14437173 fnpc6009.fnal.gov   AuthenticAMD  4599.57  r31s7200  1635.810   902.263    199     4632     5372   2.2340   1.2824   0.5043   0.2614
    14437173 fnpc9053.fnal.gov   GenuineIntel  4799.29  r31s7200  1637.620   909.431   7312     2947     3077   1.3619   0.7217   0.3662   0.1804
    14437173 fnpc9079.fnal.gov   GenuineIntel  4799.31  r31s7200  1636.760   917.262    149     2830     3134   1.3908   0.7524   0.3518   0.1752
    14437173 fnpc9073.fnal.gov   GenuineIntel  4799.31  r31s7200  1633.200   909.435    153     3139     3970   1.6897   0.9427   0.3843   0.2039
    14437173 fnpc7013.fnal.gov   AuthenticAMD  4599.35  r31s7200  1640.040   891.228    256     4670     5355   2.2938   1.3415   0.4949   0.2554
    14437173 fnpc9006.fnal.gov   GenuineIntel  4799.30  r31s7200  1629.020   879.505    997     2712     5941   2.7443   1.8045   0.3623   0.1786
    14437173 fnpc4503.fnal.gov   AuthenticAMD  4000.03  r31s7200  1651.530   937.103    382     4177     5898   2.5031   1.4341   0.5052   0.2630
    14437173 fnpc7012.fnal.gov   AuthenticAMD  4599.35  r31s7200  1637.090   920.838    272     4620     5962   2.5988   1.5493   0.5150   0.2672
    14437173 fnpc9067.fnal.gov   GenuineIntel  4799.28  r31s7200  1640.250   880.722   2539     2842     6502   2.7877   1.8424   0.3450   0.1720
    14437173 fnpc7030.fnal.gov   AuthenticAMD  4599.38  r31s7200  1639.000   906.572    130     4457     6291   2.7911   1.7013   0.5145   0.2509
    14437173 fnpc7019.fnal.gov   AuthenticAMD  4599.37  r31s7200  1642.300   904.897    130     4587     5131   2.2220   1.3071   0.4921   0.2424
    14437173 fnpc6010.fnal.gov   AuthenticAMD  4599.33  r31s7200  1642.440   906.654    220     4680     5204   2.2090   1.2652   0.5013   0.2596
    14437173 fnpc9079.fnal.gov   GenuineIntel  4799.31  r31s7200  1635.200   907.420    150     2985     3283   1.4234   0.7693   0.3591   0.1826
    14437173 fnpc4503.fnal.gov   AuthenticAMD  4000.03  r31s7200  1636.530   906.482    403     4199     5931   2.5053   1.4548   0.4999   0.2533
    14437173 fnpc7012.fnal.gov   AuthenticAMD  4599.35  r31s7200  1637.900   917.516    270     4536     5874   2.6267   1.5683   0.5155   0.2720
    14437173 fnpc9006.fnal.gov   GenuineIntel  4799.30  r31s7200  1637.650   896.688   1202     2942     6173   2.5439   1.6489   0.3516   0.1736
    14437173 fnpc6005.fnal.gov   AuthenticAMD  4600.14  r31s7200  1644.640   910.553    359     4647     5882   2.4395   1.4619   0.4888   0.2546
    14437173 fnpc6001.fnal.gov   AuthenticAMD  4599.74  r31s7200  1645.590   822.088    136     4578     5803   2.6542   1.5902   0.5427   0.2647
    14437173 fnpc6011.fnal.gov   AuthenticAMD  4599.38  r31s7200  1645.980   846.078    311     4532     4919   2.2390   1.2895   0.5191   0.2565
    14437173 fnpc6018.fnal.gov   AuthenticAMD  4599.37  r31s7200  1643.600   904.708    118     4422     4610   2.0421   1.1370   0.5063   0.2608
    14437173 fnpc9074.fnal.gov   GenuineIntel  4799.30  r31s7200  1630.400   791.327    191     2818     4134   1.8601   1.1223   0.3454   0.1711
    14437173 fnpc6015.fnal.gov   AuthenticAMD  4599.80  r31s7200  1644.750   915.255    196     4679     5047   2.1045   1.2106   0.4899   0.2551
    14437173 fnpc9076.fnal.gov   GenuineIntel  4799.31  r31s7200  1635.060   814.998    352     2919     4125   1.6833   0.9706   0.3547   0.1753
    14437173 fnpc5016.fnal.gov   AuthenticAMD  4600.04  r31s7200  1652.980   905.146   7579     3576     4004   1.7416   0.9166   0.4386   0.2147
    14437173 fnpc9025.fnal.gov   GenuineIntel  4799.31  r31s7200  1627.320   906.895   7373     2927     3148   1.3845   0.7359   0.3649   0.1809
    14437173 fnpc9062.fnal.gov   GenuineIntel  4799.30  r31s7200  1629.740   901.587    355     2567     5247   2.4012   1.5587   0.3221   0.1601
    14437173 fnpc9105.fnal.gov   GenuineIntel  4799.31  r31s7200  1636.880   909.492   7357     2850     2881   1.2855   0.6731   0.3509   0.1896
    14437173 fnpc7013.fnal.gov   AuthenticAMD  4599.35  r31s7200  1645.600   899.015    279     4544     5192   2.3211   1.3391   0.5220   0.2590
    14437173 fnpc9011.fnal.gov   GenuineIntel  4799.31  r31s7200  1630.970   820.675    127     2879     3920   1.5956   0.9301   0.3280   0.1645
    14437173 fnpc7023.fnal.gov   AuthenticAMD  4599.72  r31s7200  1647.320   898.200    137     4636     5115   2.2182   1.2982   0.4970   0.2465
    14437173 fnpc9015.fnal.gov   GenuineIntel  4799.31  r31s7200  1628.720   909.599     94     2862     3247   1.4546   0.7910   0.3605   0.1796
    14437173 fnpc9101.fnal.gov   GenuineIntel  4799.32  r31s7200  1634.800   910.000   7473     2802     2829   1.2395   0.6622   0.3369   0.1690
    14437173 fnpc9067.fnal.gov   GenuineIntel  4799.28  r31s7200  1638.940   884.511   2334     2982     6713   2.8267   1.8650   0.3591   0.1812
    14437173 fnpc9076.fnal.gov   GenuineIntel  4799.31  r31s7200  1632.060   906.355   7620     2795     2922   1.3129   0.7009   0.3471   0.1710
    14437173 fnpc9074.fnal.gov   GenuineIntel  4799.30  r31s7200  1636.280   907.063   7638     2994     3379   1.4329   0.7787   0.3545   0.1787
    14437173 fnpc9101.fnal.gov   GenuineIntel  4799.32  r31s7200  1630.810   912.290     71     2893     3033   1.3233   0.7145   0.3445   0.1804
    14437173 fnpc6011.fnal.gov   AuthenticAMD  4599.38  r31s7200  1650.700   870.388    330     4804     5259   2.2704   1.2892   0.5292   0.2755
    14437173 fnpc9076.fnal.gov   GenuineIntel  4799.31  r31s7200  1632.960   813.548    359     2829     3970   1.6588   0.9582   0.3539   0.1770
    14437173 fnpc9067.fnal.gov   GenuineIntel  4799.28  r31s7200  1635.160   888.820   2343     2884     6195   2.6364   1.7265   0.3395   0.1828
    14437271 fnpc9067.fnal.gov   GenuineIntel  4799.28  r31s7200  1636.720   889.094   2284     2935     6501   2.7668   1.8112   0.3647   0.1772
    14437271 fnpc9067.fnal.gov   GenuineIntel  4799.28  r31s7200  1630.470   885.174   2277     2907     6360   2.7504   1.7943   0.3593   0.1752
    14437271 fnpc9058.fnal.gov   GenuineIntel  4799.31  r31s7200  1637.080   881.091     88     2979     3716   1.6396   0.9266   0.3623   0.1806
    14437271 fnpc6005.fnal.gov   AuthenticAMD  4600.14  r31s7200  1653.480   923.668    343     4407     5567   2.4319   1.4608   0.4837   0.2563
    14437271 fnpc5034.fnal.gov   AuthenticAMD  4600.05  r31s7200  1639.260   899.224    170     3543     4081   1.8195   0.9371   0.4464   0.2308
    14437271 fnpc4571.fnal.gov   AuthenticAMD  4000.39  r31s7200  1650.140   907.006    139     4025     4398   1.9696   1.0012   0.5287   0.2624
    14437271 fnpc6016.fnal.gov   AuthenticAMD  4599.37  r31s7200  1658.490   895.672    505     4529     5270   2.3420   1.3435   0.5274   0.2690
    14437271 fnpc7015.fnal.gov   AuthenticAMD  4599.37  r31s7200  1635.210   916.283    123     4509     4870   2.1599   1.2634   0.4813   0.2497
    14437271 fnpc7026.fnal.gov   AuthenticAMD  4599.36  r31s7200  1644.840   887.726    147     4697     5403   2.3085   1.3584   0.5011   0.2445
    14437271 fnpc5030.fnal.gov   AuthenticAMD  4600.02  r31s7200  1653.400   906.674    154     3838     4957   2.1204   1.1971   0.4568   0.2366
    14437271 fnpc9061.fnal.gov   GenuineIntel  4799.31  r31s7200  1632.570   890.835    349     2978     3783   1.6433   0.9401   0.3607   0.1767
    14437271 fnpc7028.fnal.gov   AuthenticAMD  4599.39  r31s7200  1644.580   881.730    192     4493     5615   2.5240   1.5131   0.5064   0.2559
    14437271 fnpc6025.fnal.gov   AuthenticAMD  4599.73  r31s7200  1639.940   913.371    157     4653     5256   2.2812   1.3330   0.5004   0.2576
    14437271 fnpc9055.fnal.gov   GenuineIntel  4799.29  r31s7200  1631.180   896.143    191     2831     3273   1.3880   0.7601   0.3419   0.1725
    14437271 fnpc9102.fnal.gov   GenuineIntel  4799.30  r31s7200  1631.460   912.544   7524     2790     2860   1.2985   0.6966   0.3459   0.1783
    14437271 fnpc7007.fnal.gov   AuthenticAMD  4599.35  r31s7200  1645.130   890.085    312     4666     6221   2.6972   1.6488   0.4930   0.2621
    14437271 fnpc6021.fnal.gov   AuthenticAMD  4599.38  r31s7200  1641.050   887.054    665     4659     7006   3.0630   1.9067   0.5266   0.2824
    14437271 fnpc9104.fnal.gov   GenuineIntel  4799.31  r31s7200  1635.730   903.381     67     2757     2856   1.2773   0.6964   0.3376   0.1645
    14437271 fnpc9075.fnal.gov   GenuineIntel  4799.31  r31s7200  1622.580   894.476     96     2996     3388   1.4825   0.7989   0.3776   0.1899
    14437271 fnpc7013.fnal.gov   AuthenticAMD  4599.35  r31s7200  1640.250   896.037    328     4332     4974   2.2537   1.3262   0.4962   0.2299
    14437271 fnpc7021.fnal.gov   AuthenticAMD  4599.41  r31s7200  1654.520   927.293    255     4520     6252   2.7267   1.6819   0.5070   0.2458
    14437271 fnpc9103.fnal.gov   GenuineIntel  4799.32  r31s7200  1634.810   906.727    148     2909     3006   1.3361   0.7102   0.3542   0.1910
    14437271 fnpc9002.fnal.gov   GenuineIntel  4799.32  r31s7200  1629.320   909.631     98     3115     3550   1.5397   0.8518   0.3678   0.1930
    14437271 fnpc6028.fnal.gov   AuthenticAMD  4601.50  r31s7200  1653.240   891.654    909     4591     8521   3.7346   2.4715   0.5191   0.2553
    14437271 fnpc9032.fnal.gov   GenuineIntel  4799.30  r31s7200  1630.220   906.285   7459     2957     3146   1.3513   0.7139   0.3552   0.1818
    14437271 fnpc9103.fnal.gov   GenuineIntel  4799.32  r31s7200  1637.650   880.390    142     2862     2941   1.3156   0.7060   0.3498   0.1822
    14437271 fnpc6028.fnal.gov   AuthenticAMD  4601.50  r31s7200  1649.250   916.177   1110     4518     7898   3.3912   2.2102   0.5094   0.2462
    14437271 fnpc6019.fnal.gov   AuthenticAMD  4599.27  r31s7200  1635.560   902.222    605     4623     6291   2.6214   1.5733   0.5167   0.2719
    14437271 fnpc6023.fnal.gov   AuthenticAMD  4599.01  r31s7200  1642.550   913.826    649     4395     6819   3.0329   1.9021   0.5094   0.2620
    14437271 fnpc9038.fnal.gov   GenuineIntel  4799.31  r31s7200  1632.120   911.102     82     2886     3331   1.4970   0.8255   0.3600   0.1787
    14437271 fnpc6001.fnal.gov   AuthenticAMD  4599.74  r31s7200  1640.610   922.485    136     4534     5736   2.6346   1.5792   0.5359   0.2609
    14437271 fnpc6004.fnal.gov   AuthenticAMD  4601.82  r31s7200  1656.230   909.574  15082     4430     5760   2.5833   1.5764   0.4894   0.2586
    14437271 fnpc7003.fnal.gov   AuthenticAMD  4599.00  r31s7200  1636.180   905.183    626     4614     5571   2.3504   1.3794   0.5119   0.2556
    14437271 fnpc9061.fnal.gov   GenuineIntel  4799.31  r31s7200  1642.660   897.991    222     2819     3563   1.5988   0.9260   0.3392   0.1736
    14437271 fnpc6013.fnal.gov   AuthenticAMD  4601.36  r31s7200  1640.490   909.357    403     4308     5014   2.2620   1.3106   0.4920   0.2577
    14437271 fnpc9074.fnal.gov   GenuineIntel  4799.30  r31s7200  1635.620   902.689    205     3046     4476   1.8364   1.0853   0.3451   0.1782
    14437271 fnpc9040.fnal.gov   GenuineIntel  4799.31  r31s7200  1636.680   914.280   7407     2945     3224   1.4063   0.7722   0.3566   0.1683
    14437271 fnpc9063.fnal.gov   GenuineIntel  4799.30  r31s7200  1632.480   915.050     95     2861     3267   1.4481   0.8116   0.3418   0.1709
    14437271 fnpc9035.fnal.gov   GenuineIntel  4799.29  r31s7200  1632.600   899.895   7440     2856     3350   1.5289   0.8646   0.3467   0.1782
    14437271 fnpc7013.fnal.gov   AuthenticAMD  4599.35  r31s7200  1636.240   915.190    251     4435     5100   2.2727   1.3304   0.4810   0.2552
    14437271 fnpc9043.fnal.gov   GenuineIntel  4799.30  r31s7200  1630.810   911.036    145     2939     3605   1.4826   0.8178   0.3586   0.1808
    14437271 fnpc9011.fnal.gov   GenuineIntel  4799.31  r31s7200  1636.590   886.284    304     2946     3713   1.6343   0.9267   0.3578   0.1831
    14437271 fnpc9078.fnal.gov   GenuineIntel  4799.30  r31s7200  1635.090   904.106     87     3003     3701   1.5979   0.8940   0.3662   0.1835
    14437271 fnpc6021.fnal.gov   AuthenticAMD  4599.38  r31s7200  1637.900   915.120    640     4612     6913   2.9357   1.8518   0.4914   0.2559
    14437271 fnpc6011.fnal.gov   AuthenticAMD  4599.38  r31s7200  1650.900   923.116    339     4671     5058   2.1996   1.2523   0.5233   0.2569
    14437271 fnpc5028.fnal.gov   AuthenticAMD  4599.63  r31s7200  1645.750   898.048    331     3997     6226   2.6954   1.6199   0.4850   0.2282
    14437271 fnpc9067.fnal.gov   GenuineIntel  4799.28  r31s7200  1635.590   886.518   2274     3012     6537   2.7513   1.7925   0.3691   0.1793
    14437271 fnpc5028.fnal.gov   AuthenticAMD  4599.63  r31s7200  1650.150   883.745    290     3825     5974   2.6374   1.5993   0.4512   0.2253
    14437271 fnpc6013.fnal.gov   AuthenticAMD  4601.36  r31s7200  1649.460   931.500    408     4575     5292   2.2958   1.3502   0.4992   0.2479
    14437271 fnpc9035.fnal.gov   GenuineIntel  4799.29  r31s7200  1638.770   880.718    212     2826     4504   2.0098   1.2405   0.3542   0.1739
    14437358 fnpc6011.fnal.gov   AuthenticAMD  4599.38  r31s7200  1642.040   883.044    329     4492     4854   2.1820   1.2544   0.5074   0.2509
    14437358 fnpc9067.fnal.gov   GenuineIntel  4799.28  r31s7200  1637.590   892.285   2293     3076     6689   2.7329   1.7914   0.3581   0.1741
    14437358 fnpc4525.fnal.gov   AuthenticAMD  4000.03  r31s7200  1642.210   899.244    189     4031     4662   2.0926   1.0958   0.5267   0.2631
    14437358 fnpc6016.fnal.gov   AuthenticAMD  4599.37  r31s7200  1640.900   911.462    355     4703     5415   2.3361   1.3559   0.5159   0.2663
    14437358 fnpc5032.fnal.gov   AuthenticAMD  4600.04  r31s7200  1653.610   910.070    177     3531     4228   1.8770   1.0176   0.4383   0.2251
    14437358 fnpc4531.fnal.gov   AuthenticAMD  4000.06  r31s7200  1655.830   919.237    134     4233     4544   1.9355   0.9734   0.5131   0.2841
    14437358 fnpc5005.fnal.gov   AuthenticAMD  4600.04  r31s7200  1649.260   874.377    236     3850     5815   2.4928   1.4900   0.4481   0.2258
    14437358 fnpc6007.fnal.gov   AuthenticAMD  4601.65  r31s7200  1642.800   899.858    201     4755     6003   2.5947   1.5511   0.5285   0.2619
    14437358 fnpc9024.fnal.gov   GenuineIntel  4799.30  r31s7200  1634.030   886.362    301     2981     4524   1.9281   1.1620   0.3642   0.1840
    14437358 fnpc7026.fnal.gov   AuthenticAMD  4599.36  r31s7200  1639.220   913.555    138     4265     4929   2.2619   1.3368   0.4859   0.2412
    14437358 fnpc9049.fnal.gov   GenuineIntel  4799.29  r31s7200  1636.060   913.551   7326     2876     3173   1.3927   0.7570   0.3466   0.1739
    14437358 fnpc9011.fnal.gov   GenuineIntel  4799.31  r31s7200  1637.430   906.138    300     3169     3975   1.7070   0.9436   0.3911   0.2019
    14437358 fnpc9030.fnal.gov   GenuineIntel  4799.30  r31s7200  1632.940   913.916    284     2854     4785   1.7091   0.9944   0.3598   0.1782
    14437358 fnpc9065.fnal.gov   GenuineIntel  4799.31  r31s7200  1632.160   916.586   7448     2945     3057   1.3306   0.7128   0.3488   0.1783
    14437358 fnpc9067.fnal.gov   GenuineIntel  4799.28  r31s7200  1635.680   888.689   2184     2865     6243   2.6474   1.7321   0.3481   0.1722
    14437358 fnpc9108.fnal.gov   GenuineIntel  4799.29  r31s7200  1635.100   906.793     68     3069     3254   1.3975   0.7406   0.3785   0.1897
    14437358 fnpc4559.fnal.gov   AuthenticAMD  4000.05  r31s7200  1643.500   924.312    243     4132     5130   2.1178   1.1290   0.5236   0.2555
    14437358 fnpc8020.fnal.gov   GenuineIntel  4605.71  r31s7200  1635.000   909.083   7447     3490     3628   1.6212   0.8950   0.4095   0.2077
    14437358 fnpc4559.fnal.gov   AuthenticAMD  4000.05  r31s7200  1641.130   915.120    286     4180     5160   2.1127   1.1035   0.5235   0.2718
    14437358 fnpc9011.fnal.gov   GenuineIntel  4799.31  r31s7200  1634.900   906.461    291     2843     3557   1.6122   0.9101   0.3619   0.1835
    14437358 fnpc9067.fnal.gov   GenuineIntel  4799.28  r31s7200  1630.270   884.978   2206     2893     6277   2.6217   1.7103   0.3445   0.1755
    14437358 fnpc9067.fnal.gov   GenuineIntel  4799.28  r31s7200  1635.610   911.581   2230     3013     6597   2.7694   1.8113   0.3673   0.1767
    14437358 fnpc9067.fnal.gov   GenuineIntel  4799.28  r31s7200  1634.900   904.499   2223     3076     6645   2.7653   1.7966   0.3709   0.1895
    14437358 fnpc4540.fnal.gov   AuthenticAMD  4000.41  r31s7200  1647.400   913.945    198     4068     4350   1.9266   0.9909   0.5103   0.2602
    14437358 fnpc9058.fnal.gov   GenuineIntel  4799.31  r31s7200  1636.380   905.945     94     3018     3723   1.6422   0.9291   0.3638   0.1852
    14437358 fnpc6010.fnal.gov   AuthenticAMD  4599.33  r31s7200  1649.530   905.155    377     4520     4843   2.1551   1.2472   0.4995   0.2425
    14437358 fnpc9107.fnal.gov   GenuineIntel  4799.30  r31s7200  1634.660   911.462     96     2921     3480   1.4949   0.8561   0.3410   0.1688
    14437358 fnpc7029.fnal.gov   AuthenticAMD  4599.38  r31s7200  1647.890   916.529    149     4708     5199   2.2450   1.3131   0.5054   0.2512
    14437358 fnpc5028.fnal.gov   AuthenticAMD  4599.63  r31s7200  1631.050   910.008    256     3777     5923   2.6337   1.6036   0.4431   0.2251
    14437358 fnpc7028.fnal.gov   AuthenticAMD  4599.39  r31s7200  1645.110   909.558    166     4530     5653   2.4338   1.4607   0.4803   0.2439
    14437358 fnpc6002.fnal.gov   AuthenticAMD  4599.36  r31s7200  1643.900   909.873    142     4556     5827   2.5195   1.5046   0.4952   0.2483
    14437358 fnpc9074.fnal.gov   GenuineIntel  4799.30  r31s7200  1639.500   900.956    498     2997     3906   1.7111   0.9846   0.3629   0.1937
    14437358 fnpc9076.fnal.gov   GenuineIntel  4799.31  r31s7200  1632.610   915.345    444     2910     3997   1.6954   0.9836   0.3490   0.1771
    14437358 fnpc9050.fnal.gov   GenuineIntel  4799.29  r31s7200  1631.560   900.145     93     2951     3646   1.5874   0.8979   0.3578   0.1800
    14437358 fnpc6029.fnal.gov   AuthenticAMD  4599.37  r31s7200  1637.180   905.163   7420     4365     4711   2.1737   1.2526   0.5072   0.2504
    14437358 fnpc7007.fnal.gov   AuthenticAMD  4599.35  r31s7200  1636.240   904.425    269     4543     6099   2.6973   1.6396   0.5157   0.2461
    14437358 fnpc9046.fnal.gov   GenuineIntel  4799.30  r31s7200  1637.910   910.877     99     3086     3613   1.5427   0.8550   0.3689   0.1782
    14437358 fnpc9035.fnal.gov   GenuineIntel  4799.29  r31s7200  1633.430   899.695    113     2832     4498   2.0152   1.2348   0.3466   0.1807
    14437358 fnpc7024.fnal.gov   AuthenticAMD  4599.38  r31s7200  1639.750   901.210    175     4857     5198   2.1675   1.2523   0.5011   0.2559
    14437358 fnpc7016.fnal.gov   AuthenticAMD  4599.44  r31s7200  1642.890   915.800    363     4487     6114   2.7441   1.6475   0.5265   0.2621
    14437358 fnpc9031.fnal.gov   GenuineIntel  4799.29  r31s7200  1642.400   916.066    546     3095     6247   2.1523   1.3355   0.3723   0.1887
    14437358 fnpc7005.fnal.gov   AuthenticAMD  4599.36  r31s7200  1646.570   922.051    128     4672     5552   2.4371   1.4185   0.5158   0.2739
    14437358 fnpc5005.fnal.gov   AuthenticAMD  4600.04  r31s7200  1644.990   911.778    322     3776     5590   2.4256   1.4442   0.4389   0.2248
    14437358 fnpc9024.fnal.gov   GenuineIntel  4799.30  r31s7200  1638.410   894.231    274     2874     4357   1.9209   1.1501   0.3649   0.1880
    14437358 fnpc9074.fnal.gov   GenuineIntel  4799.30  r31s7200  1619.020   850.874     69      785     1559   2.6423   1.6835   0.3800   0.1971
