    174     3135     7095   3.1106   0.4040   0.1999   1.9721
    304     3147     4184   1.7988   0.3913   0.1951   0.9609
    166     1836     2145   0.9345   0.2209   0.1090   0.5108
    236     3384     5700   2.5286   0.4347   0.2230   1.4681
    114     4012     4467   2.0399   0.4554   0.2315   1.1454
    104     3167     4244   1.8343   0.4117   0.1885   0.9719
    230     4088     6967   3.1407   0.4302   0.2036   2.0747
    147     2758     3076   1.3238   0.3334   0.1660   0.7165
    117     2690     3048   1.3272   0.3505   0.1758   0.6240
    220     3456     5357   2.3469   0.4614   0.2194   1.3180
    232     4006    10263   4.6193   0.4440   0.2258   3.1784
    227     3187     6320   2.7341   0.4043   0.1959   1.6582
    250     3407     6555   2.9067   0.3903   0.1854   1.8941
    191     3580     6148   2.7034   0.4026   0.1953   1.7231
    142     4096     5069   2.2271   0.4524   0.2215   1.2972
    350     2478     6131   2.7203   0.3008   0.1417   1.8403
    461     3405     9322   3.9932   0.4204   0.2046   2.6467
    182     3464     6217   2.7615   0.4593   0.2161   1.6429
    270     3184     9262   4.0787   0.4055   0.1996   2.7367
    284     4272     5326   2.2924   0.5050   0.2498   1.2894
    402     3382     4593   2.0080   0.4439   0.2213   1.0647
    389     2414     8871   4.0031   0.2868   0.1341   2.8168
    431     3771     5650   2.4435   0.4493   0.2275   1.4489
    234     3067     3873   1.6912   0.3995   0.1896   0.8768
    136     3287     3872   1.7400   0.3890   0.1913   0.9966
    133     3328     4311   1.9411   0.3855   0.1865   1.1526
    151     3330     3833   1.6945   0.3762   0.1994   0.9632
    128     3445     4045   1.7658   0.3843   0.1968   1.0152
    153     4009     4504   2.0235   0.5035   0.2555   1.0691
    245     2658     6951   3.1216   0.3290   0.1556   2.1136
    261     2635     8360   3.7609   0.3221   0.1570   2.6387
    350     2164    17511   7.6488   0.2517   0.1176   5.7353
    206     3680     4345   1.9173   0.4633   0.2308   1.0320
    205     3257     5927   2.5760   0.4269   0.2126   1.5036
    183     4398     7789   3.3864   0.4783   0.2509   2.1894
    244     4119     6991   3.1092   0.4436   0.2248   2.0268
    245     4252     8158   3.6767   0.4823   0.2451   2.4200
    185     4204     6906   2.9657   0.4276   0.2190   1.9113
    237     3899     5609   2.4951   0.4083   0.1998   1.5771
    400     4247     5029   2.1898   0.4446   0.2285   1.3033
    178     3943     4816   2.0918   0.4247   0.2088   1.2471
    254     4222     6325   2.7951   0.4669   0.2385   1.7259
    347    15803    17417   7.3625   1.4077   0.4898   4.9307
    429     3388     4579   1.9868   0.4318   0.2273   1.0539
    408     3399     8716   3.8245   0.4385   0.2099   2.4989
    214     3356     6178   2.6873   0.4324   0.2049   1.6204
    288     3113     8730   3.9088   0.4100   0.2016   2.5627
    401     4019     5901   2.4802   0.4676   0.2374   1.4640
    233     3652     4324   1.8982   0.4599   0.2250   1.0171
    226     3007     3790   1.6692   0.3973   0.1878   0.8556
    123     3481     6314   2.7382   0.4349   0.2188   1.6359
    247     2999     6626   2.9778   0.3948   0.1870   1.8687
    128     3182     3955   1.7280   0.4212   0.1986   0.8781
    354     2305    11541   5.2150   0.2773   0.1295   3.8144
    208     4060     8972   4.0349   0.4565   0.2286   2.6822
    126     3270     4886   2.1925   0.4326   0.2198   1.2187
    122     3379     9026   3.9327   0.4347   0.2163   2.5810
    102     3214     3803   1.7302   0.4270   0.2230   0.8675
    354     3073     9299   4.1457   0.3972   0.2033   2.7729
    240     3567     4832   2.0857   0.4587   0.2246   1.1160
    120     2982     3411   1.5540   0.4190   0.1977   0.7416
    356     2647     7770   3.3289   0.3207   0.1440   2.2987
    104     3611     4638   2.0046   0.4793   0.2461   1.0153
    264     3456     5747   2.4881   0.4228   0.2144   1.4528
    293     3222     7822   3.3750   0.3509   0.1635   2.2971
    267     3287     6265   2.7556   0.3690   0.1737   1.7932
    204     3460     4669   1.9582   0.4322   0.2098   1.0385
    165     3268     4981   2.2912   0.4502   0.2156   1.2872
    427     2761     5070   2.1764   0.3238   0.1607   1.3866
    103     2722     3092   1.3348   0.3219   0.1603   0.7475
    377     3306     6941   3.0054   0.4263   0.2145   1.8611
    171     3243     6565   2.8297   0.4167   0.2062   1.7297
    232     3350     5446   2.3346   0.4313   0.2235   1.3134
    109     3286     4054   1.8204   0.3799   0.1871   1.0616
    235     3625     4281   1.8079   0.4026   0.1987   1.0463
    213     3546     3759   1.6502   0.4534   0.2301   0.8268
    683     2661     4630   2.0876   0.3293   0.1626   1.3106
    191     3663     4214   1.8554   0.4654   0.2285   0.9819
    365     2436     5873   2.6208   0.2895   0.1363   1.7627
    274     2766     6052   2.5935   0.3181   0.1538   1.7140
    205     4374     5334   2.3827   0.4929   0.2519   1.3968
    189     4272     5407   2.3754   0.4598   0.2364   1.4268
    290     4250    10487   4.6739   0.4729   0.2327   3.1948
    260     4165     7877   3.6547   0.4827   0.2339   2.4145
    324     4264     8015   3.5178   0.4520   0.2253   2.3447
    273     4495     5346   2.2612   0.4737   0.2477   1.3297
    160     4576     8950   3.9308   0.5162   0.2598   2.5706
    290     4011     5115   2.2645   0.4280   0.2197   1.3730
    280     4231     4959   2.1816   0.4589   0.2357   1.2758
    420     2537     4742   2.1822   0.3152   0.1460   1.3966
    257     3160     7681   3.4117   0.3424   0.1730   2.3360
    258     3463     6626   2.8700   0.3841   0.1881   1.8660
    446     2689     5019   2.1876   0.3213   0.1521   1.3960
     96     2587     2915   1.3428   0.3377   0.1695   0.7325
    245     3688     3945   1.6606   0.4365   0.2259   0.8508
    211     3582     4034   1.7894   0.4552   0.2221   0.9397
    366     2486     6103   2.6560   0.2860   0.1423   1.7963
    219     2665     5940   2.6368   0.3281   0.1503   1.7406
    337     3999     5083   2.3247   0.4514   0.2303   1.3983
    264     4189     4910   2.1356   0.4275   0.2131   1.2820
     94     2986     3808   1.6830   0.3738   0.1846   0.9474
    142     3528     3765   1.6405   0.4279   0.2280   0.8414
    196     4427     6390   2.8639   0.5043   0.2596   1.7549
    213     4441     4959   2.1834   0.4879   0.2493   1.2637
    528     4394     5066   2.2261   0.4781   0.2561   1.3019
    133     4398     4741   2.1158   0.4934   0.2446   1.2204
   7434     4462     5616   2.4617   0.5057   0.2403   1.4672
   7534     3105     3670   1.6241   0.3793   0.2048   0.8953
    362     2947     4171   1.6791   0.3371   0.1775   0.9815
     73     2989     3686   1.5916   0.3525   0.1804   0.9069
    213     2861     6498   2.7775   0.3409   0.1728   1.8518
    199     4632     5372   2.2340   0.5043   0.2614   1.2824
   7312     2947     3077   1.3619   0.3662   0.1804   0.7217
    149     2830     3134   1.3908   0.3518   0.1752   0.7524
    153     3139     3970   1.6897   0.3843   0.2039   0.9427
    256     4670     5355   2.2938   0.4949   0.2554   1.3415
    997     2712     5941   2.7443   0.3623   0.1786   1.8045
    382     4177     5898   2.5031   0.5052   0.2630   1.4341
    272     4620     5962   2.5988   0.5150   0.2672   1.5493
   2539     2842     6502   2.7877   0.3450   0.1720   1.8424
    130     4457     6291   2.7911   0.5145   0.2509   1.7013
    130     4587     5131   2.2220   0.4921   0.2424   1.3071
    220     4680     5204   2.2090   0.5013   0.2596   1.2652
    150     2985     3283   1.4234   0.3591   0.1826   0.7693
    403     4199     5931   2.5053   0.4999   0.2533   1.4548
    270     4536     5874   2.6267   0.5155   0.2720   1.5683
   1202     2942     6173   2.5439   0.3516   0.1736   1.6489
    359     4647     5882   2.4395   0.4888   0.2546   1.4619
    136     4578     5803   2.6542   0.5427   0.2647   1.5902
    311     4532     4919   2.2390   0.5191   0.2565   1.2895
    118     4422     4610   2.0421   0.5063   0.2608   1.1370
    191     2818     4134   1.8601   0.3454   0.1711   1.1223
    196     4679     5047   2.1045   0.4899   0.2551   1.2106
    352     2919     4125   1.6833   0.3547   0.1753   0.9706
   7579     3576     4004   1.7416   0.4386   0.2147   0.9166
   7373     2927     3148   1.3845   0.3649   0.1809   0.7359
    355     2567     5247   2.4012   0.3221   0.1601   1.5587
   7357     2850     2881   1.2855   0.3509   0.1896   0.6731
    279     4544     5192   2.3211   0.5220   0.2590   1.3391
    127     2879     3920   1.5956   0.3280   0.1645   0.9301
    137     4636     5115   2.2182   0.4970   0.2465   1.2982
     94     2862     3247   1.4546   0.3605   0.1796   0.7910
   7473     2802     2829   1.2395   0.3369   0.1690   0.6622
   2334     2982     6713   2.8267   0.3591   0.1812   1.8650
   7620     2795     2922   1.3129   0.3471   0.1710   0.7009
   7638     2994     3379   1.4329   0.3545   0.1787   0.7787
     71     2893     3033   1.3233   0.3445   0.1804   0.7145
    330     4804     5259   2.2704   0.5292   0.2755   1.2892
    359     2829     3970   1.6588   0.3539   0.1770   0.9582
   2343     2884     6195   2.6364   0.3395   0.1828   1.7265
   2284     2935     6501   2.7668   0.3647   0.1772   1.8112
   2277     2907     6360   2.7504   0.3593   0.1752   1.7943
     88     2979     3716   1.6396   0.3623   0.1806   0.9266
    343     4407     5567   2.4319   0.4837   0.2563   1.4608
    170     3543     4081   1.8195   0.4464   0.2308   0.9371
    139     4025     4398   1.9696   0.5287   0.2624   1.0012
    505     4529     5270   2.3420   0.5274   0.2690   1.3435
    123     4509     4870   2.1599   0.4813   0.2497   1.2634
    147     4697     5403   2.3085   0.5011   0.2445   1.3584
    154     3838     4957   2.1204   0.4568   0.2366   1.1971
    349     2978     3783   1.6433   0.3607   0.1767   0.9401
    192     4493     5615   2.5240   0.5064   0.2559   1.5131
    157     4653     5256   2.2812   0.5004   0.2576   1.3330
    191     2831     3273   1.3880   0.3419   0.1725   0.7601
   7524     2790     2860   1.2985   0.3459   0.1783   0.6966
    312     4666     6221   2.6972   0.4930   0.2621   1.6488
    665     4659     7006   3.0630   0.5266   0.2824   1.9067
     67     2757     2856   1.2773   0.3376   0.1645   0.6964
     96     2996     3388   1.4825   0.3776   0.1899   0.7989
    328     4332     4974   2.2537   0.4962   0.2299   1.3262
    255     4520     6252   2.7267   0.5070   0.2458   1.6819
    148     2909     3006   1.3361   0.3542   0.1910   0.7102
     98     3115     3550   1.5397   0.3678   0.1930   0.8518
    909     4591     8521   3.7346   0.5191   0.2553   2.4715
   7459     2957     3146   1.3513   0.3552   0.1818   0.7139
    142     2862     2941   1.3156   0.3498   0.1822   0.7060
   1110     4518     7898   3.3912   0.5094   0.2462   2.2102
    605     4623     6291   2.6214   0.5167   0.2719   1.5733
    649     4395     6819   3.0329   0.5094   0.2620   1.9021
     82     2886     3331   1.4970   0.3600   0.1787   0.8255
    136     4534     5736   2.6346   0.5359   0.2609   1.5792
  15082     4430     5760   2.5833   0.4894   0.2586   1.5764
    626     4614     5571   2.3504   0.5119   0.2556   1.3794
    222     2819     3563   1.5988   0.3392   0.1736   0.9260
    403     4308     5014   2.2620   0.4920   0.2577   1.3106
    205     3046     4476   1.8364   0.3451   0.1782   1.0853
   7407     2945     3224   1.4063   0.3566   0.1683   0.7722
     95     2861     3267   1.4481   0.3418   0.1709   0.8116
   7440     2856     3350   1.5289   0.3467   0.1782   0.8646
    251     4435     5100   2.2727   0.4810   0.2552   1.3304
    145     2939     3605   1.4826   0.3586   0.1808   0.8178
    304     2946     3713   1.6343   0.3578   0.1831   0.9267
     87     3003     3701   1.5979   0.3662   0.1835   0.8940
    640     4612     6913   2.9357   0.4914   0.2559   1.8518
    339     4671     5058   2.1996   0.5233   0.2569   1.2523
    331     3997     6226   2.6954   0.4850   0.2282   1.6199
   2274     3012     6537   2.7513   0.3691   0.1793   1.7925
    290     3825     5974   2.6374   0.4512   0.2253   1.5993
    408     4575     5292   2.2958   0.4992   0.2479   1.3502
    212     2826     4504   2.0098   0.3542   0.1739   1.2405
    329     4492     4854   2.1820   0.5074   0.2509   1.2544
   2293     3076     6689   2.7329   0.3581   0.1741   1.7914
    189     4031     4662   2.0926   0.5267   0.2631   1.0958
    355     4703     5415   2.3361   0.5159   0.2663   1.3559
    177     3531     4228   1.8770   0.4383   0.2251   1.0176
    134     4233     4544   1.9355   0.5131   0.2841   0.9734
    236     3850     5815   2.4928   0.4481   0.2258   1.4900
    201     4755     6003   2.5947   0.5285   0.2619   1.5511
    301     2981     4524   1.9281   0.3642   0.1840   1.1620
    138     4265     4929   2.2619   0.4859   0.2412   1.3368
   7326     2876     3173   1.3927   0.3466   0.1739   0.7570
    300     3169     3975   1.7070   0.3911   0.2019   0.9436
    284     2854     4785   1.7091   0.3598   0.1782   0.9944
   7448     2945     3057   1.3306   0.3488   0.1783   0.7128
   2184     2865     6243   2.6474   0.3481   0.1722   1.7321
     68     3069     3254   1.3975   0.3785   0.1897   0.7406
    243     4132     5130   2.1178   0.5236   0.2555   1.1290
   7447     3490     3628   1.6212   0.4095   0.2077   0.8950
    286     4180     5160   2.1127   0.5235   0.2718   1.1035
    291     2843     3557   1.6122   0.3619   0.1835   0.9101
   2206     2893     6277   2.6217   0.3445   0.1755   1.7103
   2230     3013     6597   2.7694   0.3673   0.1767   1.8113
   2223     3076     6645   2.7653   0.3709   0.1895   1.7966
    198     4068     4350   1.9266   0.5103   0.2602   0.9909
     94     3018     3723   1.6422   0.3638   0.1852   0.9291
    377     4520     4843   2.1551   0.4995   0.2425   1.2472
     96     2921     3480   1.4949   0.3410   0.1688   0.8561
    149     4708     5199   2.2450   0.5054   0.2512   1.3131
    256     3777     5923   2.6337   0.4431   0.2251   1.6036
    166     4530     5653   2.4338   0.4803   0.2439   1.4607
    142     4556     5827   2.5195   0.4952   0.2483   1.5046
    498     2997     3906   1.7111   0.3629   0.1937   0.9846
    444     2910     3997   1.6954   0.3490   0.1771   0.9836
     93     2951     3646   1.5874   0.3578   0.1800   0.8979
   7420     4365     4711   2.1737   0.5072   0.2504   1.2526
    269     4543     6099   2.6973   0.5157   0.2461   1.6396
     99     3086     3613   1.5427   0.3689   0.1782   0.8550
    113     2832     4498   2.0152   0.3466   0.1807   1.2348
    175     4857     5198   2.1675   0.5011   0.2559   1.2523
    363     4487     6114   2.7441   0.5265   0.2621   1.6475
    546     3095     6247   2.1523   0.3723   0.1887   1.3355
    128     4672     5552   2.4371   0.5158   0.2739   1.4185
    322     3776     5590   2.4256   0.4389   0.2248   1.4442
    274     2874     4357   1.9209   0.3649   0.1880   1.1501
     69      785     1559   2.6423   0.3800   0.1971   1.6835
