jobid/I:node_name/C:cpu_id/C:bogomips/F:dsid/C:vmpeak/F:vmhwm/F:tstage/I:totcpu/I:totwall/I:tfull/F:tistn/F:tkffpar/F:tkffdar/F
    15514430 fnpc9030.fnal.gov   GenuineIntel  4799.30  r40s721z  2182.820   972.300     21    14192    14309   0.5224   0.0044   0.3183   0.1910
    15514430 fnpc8006.fnal.gov   GenuineIntel  4606.00  r40s721z  2183.670   934.167      7    15085    15208   0.5475   0.0050   0.3357   0.1972
    15514430 fnpc8026.fnal.gov   GenuineIntel  4605.52  r40s721z  2181.390  1049.540     13    16059    16399   0.5879   0.0057   0.3585   0.2138
    15514430 fnpc17102.fnal.gov  GenuineIntel  4606.39  r40s721z  2182.880   937.140      5    18282    18325   0.6701   0.0048   0.4098   0.2463
    15514430 fnpc17151.fnal.gov  GenuineIntel  4606.21  r40s721z  2183.610   936.694     10    18045    18216   0.6651   0.0049   0.4054   0.2410
    15514430 fnpc8003.fnal.gov   GenuineIntel  4605.93  r40s721z  2184.370   932.602     10    15315    15394   0.5588   0.0049   0.3418   0.2034
    15514430 fnpc17152.fnal.gov  GenuineIntel  4606.17  r40s721z  2182.860   940.859     27    17666    17797   0.6492   0.0053   0.3955   0.2375
    15514430 fnpc17141.fnal.gov  GenuineIntel  4606.25  r40s721z  2184.100   932.823     12    18878    18934   0.6971   0.0060   0.4259   0.2555
    15514430 fnpc17138.fnal.gov  GenuineIntel  4606.19  r40s721z  2183.200   931.029      6    18202    18340   0.6774   0.0071   0.4088   0.2507
    15514430 fnpc8025.fnal.gov   GenuineIntel  4606.04  r40s721z  2180.070   933.552     16    16077    16295   0.5953   0.0057   0.3607   0.2197
    15514430 fnpc17134.fnal.gov  GenuineIntel  4606.23  r40s721z  2183.030   932.495      7    18530    18620   0.6843   0.0053   0.4189   0.2504
    15514430 fnpc8021.fnal.gov   GenuineIntel  4605.79  r40s721z  2184.070   938.832     18    15318    15443   0.5659   0.0049   0.3464   0.2049
    15514430 fnpc17155.fnal.gov  GenuineIntel  4606.17  r40s721z  2182.680   936.333     11    18493    18557   0.6862   0.0051   0.4179   0.2532
    15514430 fnpc8028.fnal.gov   GenuineIntel  4605.74  r40s721z  2182.500   942.985     13    16088    16241   0.5923   0.0052   0.3621   0.2158
    15514430 fnpc17110.fnal.gov  GenuineIntel  4606.22  r40s721z  2182.340   934.887     15    18236    18401   0.6677   0.0051   0.4078   0.2445
    15514430 fnpc9062.fnal.gov   GenuineIntel  4799.30  r40s721z  2183.130   949.359     19    14373    14496   0.5225   0.0047   0.3180   0.1912
    15514430 fnpc17124.fnal.gov  GenuineIntel  4606.23  r40s721z  2183.990   945.914     33    17468    17591   0.6422   0.0052   0.3931   0.2336
    15514430 fnpc9026.fnal.gov   GenuineIntel  4799.30  r40s721z  2181.660  1011.180     31    13739    13866   0.5073   0.0043   0.3094   0.1835
    15514430 fnpc5020.fnal.gov   AuthenticAMD  4600.45  r40s721z  2178.360  1038.300     10    19329    19482   0.7153   0.0085   0.4344   0.2604
    15514430 fnpc9008.fnal.gov   GenuineIntel  4799.29  r40s721z  2182.780  1050.500      6    13903    14016   0.5089   0.0044   0.3100   0.1857
    15514430 fnpc4513.fnal.gov   AuthenticAMD  4000.04  r40s721z  2178.850   932.688     10    21063    21267   0.7788   0.0075   0.4763   0.2823
    15514430 fnpc9016.fnal.gov   GenuineIntel  4799.31  r40s721z  2182.920   944.525     14    13244    13363   0.4913   0.0042   0.3004   0.1783
    15514430 fnpc9024.fnal.gov   GenuineIntel  4799.30  r40s721z  2183.420   942.653     26    14173    14284   0.5212   0.0044   0.3179   0.1901
    15514430 fnpc5024.fnal.gov   AuthenticAMD  4600.05  r40s721z  2179.380   934.584      8    19258    19364   0.7047   0.0072   0.4281   0.2579
    15514430 fnpc17155.fnal.gov  GenuineIntel  4606.17  r40s721z  2181.970   931.807      9    18526    18592   0.6782   0.0052   0.4166   0.2465
    15514430 fnpc9026.fnal.gov   GenuineIntel  4799.30  r40s721z  2182.930  1028.530     38    13840    13994   0.5144   0.0045   0.3128   0.1859
    15514430 fnpc17152.fnal.gov  GenuineIntel  4606.17  r40s721z  2184.360   942.838     26    17474    17564   0.6449   0.0049   0.3924   0.2371
    15514430 fnpc17133.fnal.gov  GenuineIntel  4606.22  r40s721z  2184.830   933.970     13    17436    17567   0.6446   0.0049   0.3914   0.2368
    15514430 fnpc9026.fnal.gov   GenuineIntel  4799.30  r40s721z  2182.630  1040.580     38    14075    14225   0.5214   0.0047   0.3140   0.1919
    15514430 fnpc17112.fnal.gov  GenuineIntel  4606.29  r40s721z  2182.060   942.850     34    17128    17221   0.6312   0.0054   0.3850   0.2309
    15514430 fnpc17139.fnal.gov  GenuineIntel  4606.27  r40s721z  2184.060   933.204     40    17165    17297   0.6306   0.0056   0.3849   0.2304
    15514430 fnpc8019.fnal.gov   GenuineIntel  4605.89  r40s721z  2183.230   931.475     20    15782    15956   0.5787   0.0052   0.3544   0.2102
    15514430 fnpc8012.fnal.gov   GenuineIntel  4605.98  r40s721z  2184.280   935.920     12    15129    15413   0.5584   0.0060   0.3392   0.2031
    15514430 fnpc17145.fnal.gov  GenuineIntel  4606.27  r40s721z  2184.640  1048.110     16    18089    18198   0.6685   0.0054   0.4102   0.2417
    15514430 fnpc9019.fnal.gov   GenuineIntel  4799.31  r40s721z  2183.630  1051.140     12    13765    13907   0.5081   0.0045   0.3095   0.1835
    15514430 fnpc17137.fnal.gov  GenuineIntel  4606.30  r40s721z  2184.020   943.858     32    18592    18717   0.6797   0.0072   0.4122   0.2493
    15514430 fnpc5001.fnal.gov   AuthenticAMD  4600.04  r40s721z  2179.960  1040.200      8    19479    19590   0.7060   0.0072   0.4288   0.2585
    15514430 fnpc9072.fnal.gov   GenuineIntel  4799.31  r40s721z  2182.180  1040.020      8    13954    14080   0.5112   0.0054   0.3114   0.1853
    15514430 fnpc9077.fnal.gov   GenuineIntel  4799.30  r40s721z  2183.380  1049.740     31    13750    13858   0.5073   0.0043   0.3085   0.1852
    15514430 fnpc9081.fnal.gov   GenuineIntel  4799.33  r40s721z  2181.940   942.064     13    14168    14253   0.5247   0.0044   0.3197   0.1917
    15514430 fnpc9069.fnal.gov   GenuineIntel  4799.30  r40s721z  2183.170   946.635      8    12911    12974   0.4745   0.0042   0.2903   0.1723
    15514430 fnpc4560.fnal.gov   AuthenticAMD  4000.02  r40s721z  2178.830  1037.880     10    21661    21780   0.8048   0.0079   0.4903   0.2936
    15514430 fnpc9061.fnal.gov   GenuineIntel  4799.31  r40s721z  2183.440   931.635      5    14121    14192   0.5197   0.0050   0.3200   0.1866
    15514430 fnpc9051.fnal.gov   GenuineIntel  4799.31  r40s721z  2183.390  1050.030      9    13494    13539   0.4976   0.0043   0.3063   0.1797
    15514430 fnpc9024.fnal.gov   GenuineIntel  4799.30  r40s721z  2186.590   939.233      9    13947    14026   0.5138   0.0046   0.3138   0.1868
    15514430 fnpc9059.fnal.gov   GenuineIntel  4799.31  r40s721z  2183.210   933.929     10    14322    14394   0.5226   0.0045   0.3201   0.1895
    15514430 fnpc6005.fnal.gov   AuthenticAMD  4600.14  r40s721z  2180.400  1040.250      8    20546    20657   0.7550   0.0075   0.4605   0.2759
    15514430 fnpc7004.fnal.gov   AuthenticAMD  4599.39  r40s721z  2179.000  1040.650     13    21241    21343   0.7819   0.0074   0.4783   0.2850
    15514430 fnpc6028.fnal.gov   AuthenticAMD  4599.38  r40s721z  2179.460   934.191      8    20761    20882   0.7625   0.0071   0.4660   0.2780
    15514430 fnpc6024.fnal.gov   AuthenticAMD  4600.45  r40s721z  2178.650   933.130      9    20474    20577   0.7502   0.0073   0.4595   0.2724
